1000
1 2
2 3
3 4
4 5
2 6
3 7
5 8
1 9
7 10
5 11
8 12
8 13
2 14
11 15
15 16
9 17
13 18
7 19
13 20
18 21
10 22
3 23
12 24
24 25
14 26
15 27
6 28
23 29
24 30
20 31
28 32
20 33
4 34
14 35
29 36
13 37
24 38
24 39
22 40
1 41
3 42
20 43
19 44
9 45
13 46
23 47
5 48
6 49
21 50
28 51
33 52
47 53
37 54
25 55
49 56
29 57
47 58
28 59
15 60
13 61
59 62
25 63
14 64
22 65
44 66
34 67
52 68
29 69
27 70
16 71
68 72
13 73
31 74
58 75
75 76
66 77
4 78
44 79
66 80
64 81
21 82
82 83
55 84
3 85
61 86
75 87
19 88
34 89
11 90
20 91
79 92
92 93
86 94
11 95
36 96
90 97
41 98
14 99
39 100
95 101
46 102
71 103
6 104
93 105
39 106
22 107
102 108
96 109
3 110
31 111
43 112
32 113
28 114
11 115
7 116
1 117
42 118
102 119
109 120
22 121
23 122
114 123
106 124
68 125
30 126
64 127
20 128
72 129
80 130
39 131
61 132
104 133
15 134
19 135
48 136
104 137
48 138
112 139
60 140
131 141
14 142
111 143
106 144
61 145
94 146
111 147
142 148
87 149
19 150
54 151
36 152
107 153
82 154
118 155
97 156
156 157
16 158
21 159
70 160
136 161
79 162
3 163
42 164
112 165
114 166
143 167
2 168
135 169
6 170
102 171
14 172
43 173
96 174
79 175
92 176
145 177
33 178
2 179
90 180
71 181
57 182
129 183
140 184
71 185
131 186
99 187
91 188
57 189
164 190
111 191
45 192
65 193
184 194
2 195
81 196
46 197
98 198
110 199
48 200
186 201
146 202
25 203
98 204
60 205
76 206
33 207
106 208
194 209
129 210
68 211
170 212
194 213
34 214
60 215
155 216
27 217
22 218
2 219
38 220
107 221
96 222
168 223
220 224
188 225
41 226
40 227
206 228
24 229
113 230
111 231
74 232
49 233
55 234
158 235
209 236
93 237
72 238
43 239
25 240
25 241
162 242
109 243
138 244
32 245
227 246
88 247
107 248
119 249
245 250
27 251
16 252
146 253
12 254
221 255
110 256
65 257
26 258
156 259
9 260
88 261
97 262
215 263
2 264
84 265
206 266
58 267
45 268
7 269
32 270
163 271
27 272
126 273
163 274
117 275
252 276
109 277
228 278
91 279
69 280
106 281
181 282
51 283
37 284
202 285
46 286
91 287
45 288
152 289
270 290
135 291
250 292
179 293
86 294
206 295
220 296
251 297
249 298
66 299
74 300
82 301
160 302
37 303
129 304
297 305
76 306
288 307
246 308
188 309
292 310
252 311
76 312
310 313
47 314
7 315
308 316
286 317
136 318
100 319
132 320
73 321
251 322
31 323
66 324
21 325
117 326
196 327
291 328
109 329
102 330
80 331
299 332
30 333
124 334
289 335
82 336
273 337
143 338
186 339
92 340
223 341
40 342
46 343
130 344
65 345
262 346
149 347
288 348
236 349
4 350
281 351
318 352
59 353
32 354
128 355
300 356
46 357
210 358
202 359
301 360
59 361
137 362
54 363
266 364
39 365
251 366
316 367
324 368
256 369
217 370
249 371
202 372
276 373
71 374
266 375
87 376
100 377
238 378
276 379
118 380
290 381
239 382
153 383
253 384
88 385
4 386
160 387
298 388
210 389
297 390
373 391
268 392
37 393
109 394
163 395
29 396
273 397
126 398
43 399
279 400
380 401
110 402
279 403
373 404
40 405
276 406
42 407
32 408
247 409
220 410
271 411
354 412
277 413
247 414
380 415
137 416
6 417
129 418
148 419
51 420
268 421
136 422
85 423
209 424
355 425
11 426
110 427
333 428
283 429
346 430
167 431
341 432
254 433
263 434
28 435
224 436
283 437
411 438
436 439
305 440
34 441
73 442
154 443
50 444
400 445
91 446
53 447
179 448
45 449
384 450
290 451
99 452
437 453
232 454
337 455
363 456
140 457
457 458
367 459
357 460
178 461
299 462
392 463
317 464
446 465
301 466
221 467
125 468
400 469
433 470
377 471
435 472
188 473
342 474
185 475
209 476
417 477
323 478
354 479
401 480
23 481
86 482
258 483
398 484
57 485
330 486
252 487
264 488
154 489
377 490
315 491
174 492
186 493
207 494
1 495
153 496
483 497
478 498
215 499
247 500
337 501
17 502
226 503
289 504
190 505
116 506
153 507
57 508
78 509
310 510
276 511
81 512
395 513
306 514
393 515
394 516
396 517
90 518
344 519
287 520
203 521
54 522
91 523
234 524
23 525
164 526
520 527
281 528
55 529
277 530
210 531
252 532
436 533
463 534
62 535
322 536
169 537
189 538
91 539
140 540
96 541
150 542
116 543
241 544
16 545
95 546
489 547
284 548
393 549
487 550
279 551
269 552
80 553
157 554
415 555
34 556
404 557
66 558
54 559
474 560
224 561
77 562
331 563
428 564
242 565
437 566
59 567
472 568
387 569
219 570
108 571
464 572
319 573
195 574
490 575
395 576
431 577
134 578
425 579
231 580
578 581
268 582
156 583
168 584
377 585
256 586
172 587
87 588
63 589
309 590
220 591
141 592
391 593
453 594
271 595
490 596
395 597
501 598
224 599
304 600
476 601
538 602
284 603
312 604
71 605
54 606
451 607
119 608
528 609
526 610
10 611
271 612
585 613
41 614
330 615
270 616
86 617
98 618
151 619
377 620
346 621
405 622
242 623
295 624
212 625
341 626
330 627
446 628
566 629
474 630
579 631
36 632
518 633
446 634
582 635
330 636
272 637
140 638
343 639
4 640
475 641
64 642
282 643
65 644
167 645
153 646
454 647
208 648
502 649
29 650
268 651
264 652
590 653
248 654
129 655
46 656
494 657
404 658
109 659
181 660
61 661
178 662
635 663
562 664
575 665
549 666
289 667
351 668
381 669
268 670
463 671
158 672
151 673
88 674
110 675
159 676
288 677
262 678
105 679
666 680
386 681
69 682
99 683
183 684
483 685
353 686
323 687
186 688
207 689
318 690
568 691
482 692
182 693
59 694
239 695
88 696
320 697
35 698
551 699
76 700
667 701
701 702
540 703
605 704
590 705
463 706
267 707
662 708
432 709
379 710
399 711
630 712
698 713
374 714
443 715
623 716
672 717
85 718
515 719
174 720
61 721
672 722
598 723
590 724
662 725
716 726
605 727
499 728
209 729
594 730
367 731
430 732
18 733
714 734
371 735
145 736
614 737
487 738
668 739
449 740
518 741
421 742
690 743
345 744
70 745
212 746
663 747
256 748
443 749
358 750
434 751
672 752
113 753
308 754
672 755
690 756
257 757
523 758
552 759
727 760
722 761
564 762
511 763
51 764
698 765
763 766
528 767
670 768
584 769
744 770
665 771
389 772
652 773
618 774
637 775
308 776
574 777
670 778
212 779
291 780
2 781
240 782
668 783
504 784
707 785
575 786
248 787
227 788
39 789
28 790
766 791
17 792
411 793
751 794
612 795
380 796
35 797
738 798
785 799
544 800
572 801
784 802
66 803
405 804
444 805
103 806
639 807
133 808
178 809
387 810
341 811
263 812
194 813
337 814
622 815
392 816
811 817
20 818
575 819
817 820
531 821
171 822
670 823
747 824
731 825
203 826
358 827
5 828
276 829
536 830
658 831
353 832
266 833
587 834
732 835
504 836
103 837
489 838
770 839
379 840
745 841
262 842
638 843
227 844
663 845
65 846
475 847
498 848
113 849
483 850
468 851
621 852
491 853
685 854
101 855
492 856
188 857
462 858
584 859
148 860
835 861
371 862
291 863
169 864
185 865
424 866
398 867
454 868
452 869
268 870
613 871
541 872
396 873
456 874
69 875
523 876
337 877
184 878
663 879
604 880
316 881
282 882
645 883
693 884
853 885
512 886
731 887
343 888
572 889
728 890
219 891
162 892
430 893
39 894
740 895
204 896
594 897
554 898
29 899
727 900
109 901
310 902
593 903
380 904
243 905
847 906
825 907
25 908
103 909
169 910
83 911
774 912
517 913
323 914
870 915
66 916
682 917
629 918
175 919
453 920
787 921
95 922
173 923
348 924
46 925
171 926
632 927
591 928
317 929
691 930
741 931
674 932
832 933
222 934
348 935
582 936
462 937
219 938
543 939
529 940
767 941
445 942
628 943
118 944
852 945
236 946
68 947
21 948
922 949
832 950
494 951
825 952
387 953
660 954
401 955
506 956
850 957
88 958
740 959
91 960
674 961
179 962
280 963
644 964
506 965
519 966
815 967
359 968
124 969
249 970
961 971
320 972
211 973
385 974
28 975
775 976
945 977
690 978
548 979
165 980
784 981
625 982
222 983
52 984
291 985
780 986
256 987
745 988
8 989
814 990
341 991
417 992
265 993
898 994
222 995
402 996
395 997
216 998
85 999
837 1000
