15 92
1 2 4
2 3 3
3 4 5
1 5 4
2 6 1
4 7 2
6 8 7
8 9 1
4 10 8
10 11 2
4 12 6
1 13 8
8 14 4
7 15 8
14 5 2
10 4 9
5 11 7
8 2 6
13 9 9
1 11 3
12 2 2
8 6 5
11 1 8
7 7 3
6 10 2
8 13 10
15 10 2
10 8 9
12 2 3
4 13 10
11 8 3
8 8 5
6 1 1
6 12 7
4 13 2
15 9 8
5 13 1
8 11 7
8 14 7
12 8 4
14 7 3
15 10 7
1 10 10
4 3 6
15 12 2
14 13 1
14 8 6
7 3 6
15 1 4
7 10 6
2 11 6
15 2 2
2 4 2
12 2 6
15 4 10
15 3 9
12 4 7
15 4 9
8 11 4
5 14 9
15 15 5
8 1 1
2 10 6
5 1 3
13 1 4
7 7 2
14 7 9
10 11 8
10 1 9
13 13 10
6 14 2
1 4 9
8 9 8
1 13 2
1 15 2
10 7 4
13 2 9
6 1 2
9 13 6
8 11 3
13 3 1
9 11 6
13 12 10
4 10 4
2 1 10
3 5 10
8 5 4
3 8 4
8 4 9
9 15 7
4 4 8
10 2 7
