15 76
1 2 2
2 3 6
2 4 6
1 5 2
4 6 10
3 7 8
2 8 3
6 9 7
9 10 6
5 11 4
9 12 4
5 13 4
3 14 7
11 15 1
10 4 3
2 6 1
12 7 9
12 1 10
5 8 3
8 5 7
2 4 10
15 11 2
13 11 7
14 13 3
9 14 10
14 10 4
4 2 4
15 1 2
2 1 6
1 8 10
4 4 7
10 15 3
4 9 8
2 10 3
5 14 3
2 4 5
8 14 1
11 13 5
8 15 8
4 11 1
12 11 1
1 6 10
13 14 1
10 11 8
6 10 6
7 14 5
12 1 9
10 15 5
3 3 8
10 3 7
12 11 7
11 7 4
5 13 3
12 13 2
4 10 6
6 1 1
13 2 5
14 4 10
15 11 6
3 1 3
2 12 1
10 1 3
4 12 9
6 7 9
1 9 1
1 4 10
10 14 5
10 7 4
4 5 6
15 1 8
13 12 10
2 13 2
4 3 1
4 14 9
1 5 4
15 1 6
