15 64
1 2 430
2 3 686
3 4 165
3 5 520
2 6 960
6 7 184
1 8 837
4 9 635
6 10 426
5 11 597
6 12 719
1 13 364
4 14 480
12 15 312
1 13 274
14 1 254
9 12 513
3 14 635
9 14 222
13 4 419
8 7 98
1 7 494
12 9 804
12 15 3
6 13 400
10 2 853
6 12 773
9 10 824
4 3 264
5 8 668
8 6 323
5 8 648
15 14 606
1 3 934
10 3 206
9 9 198
14 6 272
14 13 157
6 5 992
10 13 628
3 10 29
2 1 366
2 10 919
5 1 922
8 5 678
6 9 719
7 3 571
1 15 818
9 14 812
14 5 676
6 7 664
12 1 367
4 6 924
8 4 486
3 2 892
4 4 875
3 10 1000
14 4 661
8 3 28
12 9 993
1 10 143
2 3 631
13 8 828
6 14 747
