15 93
1 2 207
1 3 892
2 4 558
4 5 716
5 6 140
2 7 22
3 8 385
1 9 77
7 10 228
3 11 241
7 12 301
11 13 387
2 14 153
4 15 74
13 14 401
13 9 357
9 11 114
2 10 835
11 7 610
14 15 360
9 1 455
14 4 366
12 1 669
7 6 607
6 3 22
11 12 193
7 10 758
1 15 766
10 6 161
15 11 57
11 3 616
5 6 377
7 6 668
9 12 120
10 12 35
8 11 968
6 9 135
9 6 610
10 14 138
8 11 178
12 6 539
9 12 235
9 3 960
15 15 725
9 10 983
6 4 440
15 1 724
14 4 797
15 15 84
10 12 315
8 10 17
5 13 163
10 6 624
4 6 842
11 3 666
9 3 889
4 12 151
1 14 274
7 10 797
13 8 259
7 5 176
2 6 32
13 11 822
11 1 808
6 14 646
8 15 625
5 11 304
11 13 802
9 9 341
10 15 412
11 14 479
5 3 90
4 13 767
8 13 493
11 3 752
6 14 911
4 14 254
11 10 403
6 9 68
4 7 473
11 2 716
4 10 955
11 8 225
9 1 585
7 5 897
9 7 766
11 8 691
14 10 572
9 15 124
1 15 722
12 13 579
12 8 408
5 5 533
