90 98 100
1 2
2 3
3 4
4 5
5 6
6 7
7 8
8 9
9 10
10 11
11 12
12 13
13 14
14 15
15 16
16 17
17 18
18 19
19 20
20 21
21 22
22 23
23 24
24 25
25 26
26 27
27 28
28 29
29 30
11 31
30 32
19 33
24 34
1 35
6 36
18 37
16 38
38 39
24 40
33 41
23 42
36 43
8 44
22 45
38 46
6 47
22 48
44 49
41 50
28 51
45 52
29 53
7 54
45 55
18 56
48 57
22 58
13 59
37 60
7 61
27 62
2 63
15 64
42 65
5 66
41 67
27 68
30 69
62 70
36 71
40 72
63 73
16 74
15 75
59 76
55 77
5 78
48 79
6 80
5 81
55 82
51 83
61 84
50 85
22 86
77 87
21 88
71 89
10 90
30 12
57 22
87 22
89 5
85 19
8 6
72 24
49 8
3 1
35 72
48 29
46 84
87 70
87 72
38 25
64 1
45 24
68 39
9 80
3 8
6 44
37 69
1 29
76 6
34 82
69 62
43 46
23 13
32 55
89 77
20 21
56 18
24 53
36 25
15 86
39 27
54 47
9 1
29 25
80 15
11 5
39 45
90 66
9 63
38 4
9 64
18 76
78 49
31 10
6 83
63 15
53 14
72 36
75 10
44 42
38 21
61 90
84 69
74 58
59 30
47 46
88 33
5 89
52 37
37 29
23 88
83 57
56 36
48 66
49 68
11 7
87 22
39 54
65 58
40 11
27 37
67 38
68 14
61 83
80 65
60 6
37 16
62 53
88 57
72 1
55 61
19 79
9 18
36 8
10 31
15 23
73 50
5 16
85 50
17 51
70 10
28 38
18 15
70 39
64 1
44 63
38 72
78 24
27 8
58 59
15 55
12 78
85 53
83 83
