90 100 100
1 2
1 3
3 4
1 5
4 6
1 7
4 8
1 9
9 10
9 11
1 12
6 13
9 14
10 15
11 16
11 17
6 18
17 19
19 20
15 21
4 22
16 23
23 24
1 25
10 26
5 27
12 28
13 29
27 30
26 31
17 32
21 33
33 34
8 35
18 36
17 37
6 38
35 39
13 40
31 41
36 42
6 43
37 44
23 45
33 46
24 47
28 48
40 49
25 50
37 51
23 52
22 53
6 54
34 55
15 56
41 57
34 58
13 59
20 60
44 61
40 62
35 63
57 64
60 65
9 66
26 67
51 68
45 69
52 70
41 71
46 72
64 73
32 74
12 75
37 76
8 77
43 78
19 79
22 80
40 81
16 82
55 83
60 84
15 85
60 86
79 87
86 88
28 89
89 90
47 1
41 9
87 11
64 41
65 20
74 17
35 1
85 10
44 17
58 15
42 4
12 11
55 59
47 40
41 17
27 89
2 18
28 90
15 37
73 22
77 32
53 37
49 68
84 14
87 55
11 69
41 79
54 84
42 15
59 16
13 51
9 85
29 8
32 1
85 26
31 87
45 88
11 86
15 72
89 87
73 65
3 14
78 18
16 5
67 27
37 67
30 16
81 38
48 56
86 39
55 15
82 39
66 4
69 83
89 50
12 28
31 50
69 51
10 90
8 68
50 38
21 1
48 8
16 81
18 78
87 58
81 73
12 20
88 26
1 13
4 48
33 56
35 24
27 68
7 34
29 45
23 6
82 89
78 28
14 74
53 18
36 41
79 72
52 66
46 74
9 72
44 33
14 79
63 38
72 44
77 53
3 57
63 49
58 36
28 74
61 29
23 43
33 71
64 71
77 34
39 71
10 9
31 60
32 88
48 7
18 52
83 65
14 2
28 22
14 32
34 4
