80 93 20
1 2
2 3
1 4
3 5
1 6
6 7
3 8
4 9
7 10
7 11
9 12
3 13
2 14
13 15
11 16
6 17
12 18
16 19
10 20
14 21
8 22
14 23
5 24
18 25
6 26
9 27
23 28
18 29
8 30
17 31
13 32
21 33
10 34
24 35
21 36
3 37
24 38
7 39
5 40
36 41
28 42
38 43
29 44
11 45
35 46
36 47
18 48
36 49
40 50
30 51
28 52
31 53
2 54
33 55
42 56
10 57
49 58
54 59
4 60
23 61
30 62
55 63
11 64
11 65
8 66
10 67
12 68
44 69
38 70
54 71
40 72
12 73
71 74
17 75
63 76
16 77
23 78
27 79
42 80
46 3
14 1
70 24
78 14
68 1
75 6
29 12
72 5
19 6
30 3
32 3
76 21
52 23
79 9
15 6
15 48
12 53
37 73
15 2
42 2
4 5
45 6
43 70
31 31
39 21
69 31
32 69
9 58
49 28
41 41
10 5
7 73
47 78
7 43
