1
5000
1 2 14868
1 3 577858
3 4 912718
4 5 455789
4 6 204315
2 7 43639
7 8 234426
6 9 558803
8 10 921261
2 11 700803
1 12 403161
7 13 455789
1 14 558803
7 15 912718
10 16 371117
5 17 66482
16 18 126952
14 19 309650
9 20 577858
19 21 461789
18 22 91486
4 23 848234
14 24 292466
4 25 885204
12 26 244287
18 27 848921
9 28 234426
22 29 816898
24 30 619394
5 31 335370
19 32 292466
9 33 126952
8 34 309650
27 35 912718
18 36 461789
18 37 558803
28 38 292466
5 39 45568
38 40 848234
39 41 736619
5 42 395719
1 43 292466
13 44 848921
30 45 228674
11 46 228674
14 47 228674
44 48 126952
36 49 455789
37 50 234426
34 51 848921
14 52 45568
7 53 816898
4 54 577858
52 55 649461
50 56 15881
3 57 577858
13 58 649461
43 59 912718
38 60 371117
38 61 461789
59 62 43639
44 63 649461
22 64 292466
22 65 380252
6 66 244287
36 67 25339
36 68 9007
11 69 921261
15 70 126952
24 71 577858
1 72 234426
55 73 309650
30 74 228674
35 75 14868
33 76 310414
21 77 45568
50 78 619394
41 79 619394
76 80 126952
31 81 262079
65 82 234426
22 83 921261
23 84 292466
52 85 310414
64 86 262079
65 87 9007
12 88 736619
74 89 865981
30 90 912718
46 91 848234
82 92 848921
87 93 228674
33 94 577858
40 95 45568
16 96 619394
79 97 619394
67 98 403161
25 99 461789
15 100 736619
13 101 558803
52 102 577385
27 103 244287
82 104 816898
14 105 487354
15 106 15881
32 107 371117
12 108 649461
85 109 921261
44 110 700803
36 111 455789
20 112 91486
15 113 66482
4 114 649461
23 115 14868
28 116 461789
25 117 91486
8 118 15881
77 119 649461
42 120 66482
59 121 602514
93 122 126952
79 123 126952
39 124 455789
77 125 310414
38 126 912718
83 127 577858
123 128 865981
123 129 700803
114 130 310414
62 131 577385
93 132 395719
119 133 912718
17 134 244287
62 135 380252
89 136 45568
133 137 461789
72 138 204315
26 139 25339
75 140 310414
60 141 25339
65 142 9007
40 143 310414
136 144 371117
93 145 309650
109 146 335370
76 147 912718
91 148 15881
92 149 602514
104 150 848921
7 151 244287
97 152 204315
125 153 577385
59 154 310414
51 155 649461
69 156 602514
131 157 228674
81 158 403161
133 159 15881
111 160 310414
31 161 204315
104 162 577858
123 163 380252
70 164 126952
7 165 885204
146 166 455789
93 167 577858
46 168 403161
41 169 262079
60 170 885204
33 171 848234
52 172 204315
13 173 309650
97 174 335370
105 175 649461
159 176 309650
87 177 9007
27 178 865981
60 179 921261
10 180 126952
67 181 310414
143 182 292466
96 183 66482
168 184 9007
74 185 577858
28 186 262079
184 187 310414
44 188 577385
40 189 234426
84 190 602514
26 191 912718
190 192 921261
110 193 921261
5 194 228674
56 195 577385
37 196 25339
135 197 885204
164 198 25339
30 199 461789
41 200 700803
156 201 921261
34 202 558803
52 203 15881
184 204 455789
53 205 14868
181 206 228674
174 207 649461
22 208 602514
64 209 848921
187 210 912718
116 211 14868
203 212 14868
68 213 14868
142 214 865981
125 215 885204
9 216 204315
208 217 487354
190 218 335370
113 219 335370
166 220 848234
20 221 66482
127 222 816898
97 223 736619
91 224 15881
22 225 25339
58 226 126952
48 227 309650
94 228 228674
228 229 292466
129 230 91486
205 231 91486
197 232 558803
16 233 310414
47 234 700803
80 235 577858
141 236 45568
205 237 736619
27 238 558803
107 239 234426
139 240 262079
16 241 577385
197 242 619394
185 243 461789
19 244 14868
129 245 335370
96 246 234426
172 247 619394
82 248 865981
154 249 45568
209 250 848234
14 251 602514
195 252 649461
184 253 292466
121 254 234426
210 255 25339
245 256 700803
91 257 577858
96 258 310414
77 259 14868
46 260 66482
252 261 91486
63 262 43639
73 263 45568
237 264 885204
200 265 700803
178 266 736619
195 267 66482
146 268 335370
4 269 700803
221 270 921261
166 271 619394
16 272 403161
182 273 921261
2 274 14868
17 275 262079
15 276 126952
45 277 395719
64 278 577858
48 279 126952
4 280 14868
159 281 455789
226 282 292466
234 283 292466
91 284 262079
39 285 395719
210 286 885204
276 287 9007
275 288 66482
277 289 461789
187 290 649461
260 291 577385
112 292 309650
68 293 619394
74 294 455789
189 295 262079
135 296 912718
77 297 204315
203 298 45568
217 299 848234
35 300 292466
192 301 865981
48 302 619394
260 303 700803
126 304 736619
101 305 262079
128 306 9007
218 307 577858
22 308 234426
109 309 45568
133 310 262079
103 311 262079
214 312 487354
3 313 602514
14 314 577385
127 315 310414
141 316 921261
80 317 865981
184 318 204315
127 319 455789
157 320 700803
203 321 371117
172 322 309650
123 323 43639
59 324 43639
5 325 649461
27 326 91486
63 327 45568
208 328 25339
212 329 487354
123 330 649461
87 331 335370
29 332 395719
270 333 461789
112 334 403161
263 335 455789
90 336 619394
219 337 204315
198 338 865981
33 339 380252
200 340 380252
48 341 619394
96 342 309650
117 343 487354
305 344 736619
105 345 912718
42 346 395719
35 347 43639
53 348 558803
278 349 577858
211 350 204315
138 351 577385
117 352 487354
242 353 912718
352 354 736619
42 355 403161
38 356 91486
328 357 577858
215 358 848921
106 359 461789
160 360 15881
49 361 455789
115 362 395719
307 363 25339
233 364 848921
4 365 244287
143 366 461789
305 367 736619
183 368 649461
312 369 865981
121 370 619394
333 371 736619
357 372 9007
235 373 244287
287 374 43639
302 375 455789
116 376 371117
179 377 244287
259 378 649461
72 379 619394
283 380 885204
21 381 885204
11 382 380252
129 383 25339
186 384 619394
103 385 310414
262 386 126952
165 387 292466
52 388 262079
112 389 204315
191 390 244287
203 391 45568
223 392 25339
79 393 310414
52 394 234426
285 395 403161
130 396 310414
134 397 865981
79 398 403161
235 399 9007
245 400 45568
232 401 921261
255 402 15881
167 403 91486
338 404 649461
332 405 577385
44 406 262079
314 407 921261
397 408 395719
343 409 262079
91 410 848921
136 411 848921
320 412 848234
240 413 310414
9 414 309650
271 415 619394
235 416 403161
329 417 700803
323 418 487354
25 419 455789
349 420 25339
236 421 66482
415 422 921261
26 423 262079
208 424 455789
332 425 912718
180 426 9007
219 427 395719
104 428 487354
310 429 577385
245 430 25339
393 431 602514
197 432 848234
381 433 43639
71 434 371117
223 435 310414
371 436 619394
345 437 244287
64 438 619394
175 439 66482
207 440 577858
287 441 262079
172 442 292466
219 443 848234
86 444 204315
304 445 577858
420 446 912718
61 447 91486
188 448 45568
245 449 234426
302 450 912718
218 451 309650
311 452 262079
359 453 228674
427 454 602514
62 455 9007
448 456 292466
14 457 244287
282 458 309650
37 459 380252
60 460 66482
14 461 619394
437 462 649461
41 463 310414
385 464 234426
449 465 921261
109 466 885204
465 467 921261
342 468 244287
357 469 15881
131 470 558803
195 471 487354
467 472 461789
339 473 43639
459 474 309650
105 475 912718
464 476 885204
473 477 45568
348 478 262079
176 479 577385
88 480 204315
109 481 15881
398 482 403161
212 483 700803
121 484 234426
137 485 700803
91 486 335370
253 487 9007
93 488 380252
91 489 204315
70 490 310414
181 491 228674
147 492 45568
247 493 455789
434 494 335370
435 495 262079
348 496 403161
450 497 66482
215 498 9007
496 499 921261
1 500 66482
155 501 45568
99 502 204315
120 503 558803
276 504 43639
475 505 45568
408 506 577858
132 507 558803
495 508 848921
310 509 371117
380 510 649461
493 511 912718
97 512 912718
424 513 126952
490 514 335370
87 515 66482
25 516 15881
358 517 14868
110 518 649461
55 519 848234
302 520 14868
516 521 262079
261 522 25339
306 523 395719
446 524 885204
442 525 14868
508 526 380252
360 527 262079
92 528 736619
52 529 43639
327 530 380252
237 531 204315
125 532 43639
376 533 403161
448 534 309650
311 535 885204
84 536 9007
125 537 736619
69 538 292466
374 539 395719
477 540 700803
49 541 885204
475 542 228674
248 543 310414
330 544 228674
239 545 14868
494 546 371117
262 547 577385
129 548 848234
488 549 461789
51 550 700803
89 551 371117
354 552 45568
226 553 455789
420 554 204315
140 555 244287
288 556 816898
155 557 848921
361 558 461789
195 559 848234
185 560 921261
224 561 577858
213 562 292466
38 563 292466
485 564 262079
471 565 234426
103 566 262079
238 567 455789
223 568 577385
289 569 45568
366 570 602514
251 571 649461
1 572 228674
276 573 700803
124 574 310414
554 575 921261
403 576 700803
361 577 262079
13 578 371117
381 579 244287
393 580 310414
329 581 228674
29 582 602514
151 583 602514
264 584 848234
462 585 15881
239 586 335370
120 587 14868
482 588 66482
68 589 487354
381 590 848234
318 591 403161
338 592 228674
393 593 228674
394 594 619394
80 595 204315
446 596 619394
418 597 25339
2 598 244287
167 599 816898
545 600 14868
184 601 14868
535 602 66482
153 603 204315
69 604 455789
24 605 91486
59 606 395719
204 607 244287
467 608 244287
438 609 228674
485 610 455789
67 611 736619
407 612 602514
297 613 602514
197 614 380252
246 615 292466
83 616 649461
240 617 487354
425 618 292466
493 619 244287
477 620 848234
465 621 91486
292 622 45568
3 623 9007
279 624 619394
474 625 25339
48 626 865981
7 627 816898
573 628 395719
455 629 25339
238 630 558803
564 631 558803
368 632 649461
236 633 371117
129 634 577385
605 635 380252
150 636 310414
104 637 865981
155 638 848234
584 639 335370
332 640 292466
175 641 921261
202 642 461789
313 643 736619
240 644 371117
471 645 371117
607 646 577385
464 647 309650
327 648 619394
245 649 619394
584 650 816898
84 651 15881
527 652 395719
35 653 262079
305 654 309650
263 655 848921
350 656 816898
553 657 848234
573 658 371117
384 659 126952
163 660 921261
7 661 204315
564 662 335370
329 663 577858
233 664 577858
71 665 487354
101 666 848921
569 667 309650
473 668 921261
358 669 292466
97 670 848234
560 671 577385
104 672 455789
596 673 244287
137 674 15881
235 675 371117
170 676 865981
116 677 309650
260 678 228674
544 679 262079
382 680 234426
467 681 403161
480 682 395719
81 683 912718
372 684 244287
397 685 14868
677 686 309650
663 687 487354
47 688 244287
335 689 736619
365 690 602514
518 691 14868
106 692 700803
269 693 204315
603 694 126952
565 695 262079
471 696 921261
149 697 310414
265 698 244287
648 699 649461
674 700 619394
320 701 204315
375 702 244287
645 703 292466
471 704 9007
699 705 649461
507 706 9007
680 707 921261
95 708 126952
172 709 66482
310 710 558803
249 711 66482
237 712 558803
293 713 619394
222 714 228674
200 715 816898
223 716 228674
152 717 649461
464 718 577385
380 719 66482
492 720 619394
608 721 309650
422 722 15881
113 723 885204
517 724 848234
307 725 649461
128 726 649461
598 727 649461
334 728 577858
712 729 558803
370 730 912718
174 731 25339
584 732 885204
276 733 43639
672 734 577385
3 735 371117
345 736 736619
634 737 335370
38 738 91486
607 739 244287
727 740 619394
17 741 848234
485 742 309650
364 743 244287
91 744 848921
132 745 577385
728 746 310414
178 747 403161
607 748 395719
91 749 310414
206 750 91486
563 751 395719
109 752 736619
168 753 921261
521 754 9007
567 755 244287
755 756 244287
99 757 66482
34 758 912718
245 759 244287
555 760 309650
142 761 577385
105 762 912718
431 763 558803
498 764 403161
161 765 558803
325 766 455789
566 767 577858
670 768 649461
404 769 558803
287 770 43639
159 771 461789
335 772 577385
121 773 577858
173 774 309650
280 775 885204
71 776 649461
196 777 865981
173 778 649461
186 779 816898
119 780 380252
467 781 403161
17 782 228674
195 783 461789
29 784 234426
522 785 15881
225 786 234426
781 787 43639
407 788 380252
560 789 577858
434 790 736619
578 791 736619
782 792 380252
414 793 91486
642 794 9007
210 795 91486
452 796 455789
429 797 558803
660 798 45568
124 799 602514
265 800 228674
39 801 577385
308 802 234426
356 803 461789
388 804 380252
215 805 310414
253 806 848234
140 807 292466
155 808 292466
730 809 335370
84 810 292466
626 811 577858
78 812 487354
707 813 403161
568 814 126952
614 815 262079
248 816 649461
222 817 15881
310 818 9007
440 819 912718
164 820 577858
389 821 66482
816 822 15881
447 823 577858
432 824 865981
679 825 577858
160 826 204315
756 827 848921
606 828 371117
688 829 380252
660 830 736619
541 831 244287
182 832 126952
394 833 602514
244 834 461789
704 835 371117
822 836 45568
536 837 292466
145 838 234426
55 839 244287
703 840 14868
529 841 848921
95 842 25339
673 843 602514
310 844 395719
483 845 487354
278 846 649461
725 847 380252
815 848 816898
259 849 602514
95 850 912718
412 851 558803
832 852 885204
810 853 15881
449 854 461789
135 855 912718
473 856 487354
622 857 848921
45 858 461789
136 859 25339
316 860 848921
670 861 244287
718 862 234426
36 863 602514
126 864 649461
53 865 700803
749 866 921261
447 867 885204
183 868 816898
78 869 736619
144 870 885204
525 871 228674
549 872 66482
452 873 310414
748 874 9007
683 875 371117
294 876 848921
399 877 848921
433 878 865981
622 879 885204
490 880 921261
719 881 91486
433 882 912718
168 883 885204
71 884 371117
27 885 816898
667 886 14868
680 887 700803
188 888 455789
664 889 292466
755 890 15881
252 891 848921
263 892 487354
308 893 91486
650 894 244287
848 895 126952
270 896 335370
137 897 234426
39 898 45568
713 899 91486
712 900 309650
396 901 816898
391 902 395719
887 903 335370
73 904 700803
872 905 865981
165 906 126952
709 907 262079
534 908 885204
732 909 395719
692 910 66482
87 911 25339
245 912 228674
488 913 395719
738 914 461789
296 915 602514
769 916 309650
510 917 885204
119 918 310414
62 919 310414
788 920 912718
444 921 234426
224 922 865981
108 923 66482
522 924 865981
296 925 380252
566 926 865981
464 927 371117
788 928 380252
491 929 602514
286 930 816898
411 931 204315
77 932 292466
149 933 921261
183 934 700803
222 935 403161
896 936 15881
204 937 25339
215 938 649461
474 939 921261
929 940 602514
493 941 228674
188 942 45568
441 943 43639
725 944 848921
761 945 9007
366 946 455789
205 947 395719
362 948 380252
113 949 126952
444 950 649461
431 951 487354
407 952 649461
466 953 619394
509 954 461789
381 955 91486
571 956 335370
874 957 700803
901 958 921261
58 959 335370
805 960 292466
633 961 912718
887 962 234426
131 963 234426
43 964 619394
757 965 228674
523 966 602514
594 967 262079
328 968 602514
523 969 558803
103 970 865981
930 971 371117
608 972 244287
167 973 921261
56 974 45568
176 975 403161
4 976 848921
10 977 371117
298 978 15881
870 979 335370
765 980 848234
489 981 380252
279 982 45568
224 983 848234
15 984 848921
281 985 43639
968 986 602514
398 987 45568
216 988 736619
733 989 244287
599 990 649461
678 991 619394
763 992 403161
54 993 577858
473 994 816898
553 995 25339
810 996 244287
839 997 649461
133 998 558803
471 999 649461
59 1000 487354
387 1001 885204
294 1002 335370
944 1003 455789
357 1004 649461
33 1005 455789
795 1006 14868
949 1007 310414
945 1008 309650
806 1009 126952
635 1010 91486
550 1011 234426
181 1012 9007
775 1013 619394
177 1014 43639
82 1015 43639
302 1016 848234
530 1017 885204
1004 1018 371117
456 1019 262079
377 1020 262079
224 1021 335370
1013 1022 649461
192 1023 403161
433 1024 455789
922 1025 921261
372 1026 865981
683 1027 43639
461 1028 558803
125 1029 66482
607 1030 619394
1024 1031 228674
238 1032 292466
100 1033 9007
758 1034 91486
198 1035 461789
784 1036 649461
646 1037 395719
142 1038 602514
381 1039 487354
391 1040 25339
943 1041 228674
427 1042 455789
268 1043 577858
628 1044 577385
736 1045 126952
179 1046 335370
438 1047 66482
147 1048 848921
719 1049 45568
559 1050 292466
72 1051 9007
721 1052 461789
1021 1053 234426
299 1054 310414
525 1055 885204
514 1056 371117
195 1057 335370
943 1058 91486
460 1059 816898
463 1060 848921
533 1061 885204
59 1062 380252
403 1063 234426
231 1064 43639
628 1065 487354
882 1066 9007
326 1067 45568
685 1068 335370
581 1069 455789
717 1070 848921
1060 1071 66482
466 1072 865981
503 1073 577385
950 1074 45568
710 1075 921261
786 1076 66482
933 1077 234426
805 1078 9007
508 1079 244287
1039 1080 865981
876 1081 885204
183 1082 310414
648 1083 912718
666 1084 885204
66 1085 700803
332 1086 244287
121 1087 403161
604 1088 371117
513 1089 885204
207 1090 619394
528 1091 309650
1075 1092 14868
689 1093 292466
584 1094 262079
726 1095 228674
50 1096 244287
156 1097 455789
302 1098 371117
830 1099 461789
415 1100 455789
455 1101 309650
473 1102 126952
278 1103 865981
527 1104 335370
892 1105 15881
705 1106 558803
193 1107 487354
597 1108 25339
798 1109 848921
870 1110 912718
606 1111 885204
480 1112 14868
34 1113 310414
57 1114 228674
691 1115 865981
549 1116 380252
158 1117 25339
581 1118 309650
375 1119 487354
568 1120 45568
860 1121 380252
589 1122 204315
436 1123 292466
868 1124 14868
572 1125 204315
1011 1126 395719
1109 1127 921261
996 1128 91486
382 1129 619394
257 1130 816898
854 1131 335370
117 1132 244287
717 1133 455789
416 1134 577858
890 1135 577858
624 1136 292466
1070 1137 921261
885 1138 912718
193 1139 461789
929 1140 602514
412 1141 66482
669 1142 395719
1086 1143 43639
574 1144 371117
346 1145 126952
300 1146 43639
491 1147 577858
769 1148 9007
44 1149 9007
209 1150 487354
815 1151 816898
1142 1152 921261
882 1153 558803
1150 1154 204315
292 1155 25339
935 1156 309650
698 1157 649461
619 1158 43639
699 1159 577385
560 1160 455789
615 1161 262079
805 1162 43639
556 1163 577385
997 1164 91486
46 1165 921261
547 1166 310414
725 1167 43639
813 1168 204315
537 1169 25339
507 1170 244287
964 1171 310414
641 1172 558803
179 1173 395719
465 1174 204315
683 1175 602514
447 1176 126952
519 1177 921261
628 1178 244287
427 1179 234426
926 1180 45568
1031 1181 700803
74 1182 310414
104 1183 487354
5 1184 602514
835 1185 25339
253 1186 649461
346 1187 577858
600 1188 309650
511 1189 619394
610 1190 228674
537 1191 244287
34 1192 577385
457 1193 885204
460 1194 43639
244 1195 403161
161 1196 403161
320 1197 43639
796 1198 455789
166 1199 91486
941 1200 921261
653 1201 848921
484 1202 558803
127 1203 91486
405 1204 234426
1018 1205 558803
159 1206 91486
345 1207 204315
734 1208 244287
597 1209 43639
648 1210 126952
916 1211 577385
1135 1212 487354
511 1213 9007
903 1214 736619
685 1215 455789
358 1216 335370
104 1217 126952
584 1218 912718
877 1219 66482
300 1220 461789
866 1221 126952
1192 1222 66482
216 1223 558803
133 1224 865981
427 1225 43639
111 1226 204315
26 1227 403161
7 1228 66482
374 1229 577385
63 1230 487354
67 1231 262079
85 1232 371117
214 1233 126952
593 1234 461789
32 1235 577385
360 1236 15881
720 1237 309650
307 1238 9007
435 1239 455789
1194 1240 848234
503 1241 395719
355 1242 244287
466 1243 380252
37 1244 816898
100 1245 126952
477 1246 395719
124 1247 403161
690 1248 15881
70 1249 736619
1038 1250 228674
63 1251 25339
153 1252 310414
115 1253 885204
255 1254 126952
248 1255 15881
265 1256 228674
1209 1257 848921
769 1258 234426
552 1259 403161
1017 1260 14868
747 1261 371117
139 1262 848921
199 1263 602514
214 1264 126952
156 1265 619394
530 1266 455789
4 1267 602514
1211 1268 619394
309 1269 9007
541 1270 262079
992 1271 816898
593 1272 921261
138 1273 558803
663 1274 9007
995 1275 912718
984 1276 865981
946 1277 848234
636 1278 619394
503 1279 25339
80 1280 309650
960 1281 91486
363 1282 126952
610 1283 649461
850 1284 403161
1277 1285 455789
637 1286 395719
1052 1287 848921
1105 1288 865981
80 1289 558803
104 1290 262079
494 1291 66482
230 1292 380252
836 1293 91486
801 1294 380252
1179 1295 335370
130 1296 45568
4 1297 848921
1233 1298 380252
761 1299 335370
1146 1300 487354
33 1301 9007
405 1302 885204
256 1303 335370
462 1304 228674
667 1305 619394
693 1306 244287
172 1307 244287
1133 1308 649461
235 1309 91486
816 1310 14868
1109 1311 66482
723 1312 204315
527 1313 577385
967 1314 700803
694 1315 126952
107 1316 395719
804 1317 262079
652 1318 234426
1084 1319 371117
1236 1320 310414
669 1321 292466
169 1322 335370
1133 1323 912718
895 1324 335370
1287 1325 292466
1077 1326 865981
590 1327 736619
272 1328 292466
36 1329 558803
709 1330 649461
1326 1331 244287
133 1332 403161
948 1333 371117
1199 1334 14868
530 1335 455789
752 1336 45568
269 1337 126952
771 1338 649461
888 1339 602514
886 1340 91486
389 1341 43639
879 1342 14868
769 1343 309650
913 1344 380252
218 1345 371117
1187 1346 461789
1342 1347 577385
959 1348 912718
676 1349 848234
465 1350 309650
215 1351 66482
521 1352 335370
231 1353 403161
814 1354 885204
1072 1355 865981
408 1356 602514
115 1357 487354
880 1358 66482
799 1359 461789
1168 1360 43639
553 1361 816898
981 1362 15881
410 1363 15881
159 1364 380252
947 1365 619394
124 1366 335370
284 1367 262079
97 1368 43639
1041 1369 848921
193 1370 700803
1312 1371 371117
259 1372 335370
333 1373 371117
738 1374 228674
1082 1375 234426
1114 1376 403161
243 1377 577858
401 1378 228674
214 1379 848921
456 1380 371117
1256 1381 736619
95 1382 66482
818 1383 619394
815 1384 262079
918 1385 228674
1090 1386 403161
1272 1387 736619
567 1388 309650
511 1389 921261
640 1390 309650
523 1391 700803
495 1392 9007
231 1393 45568
447 1394 865981
1037 1395 848921
1108 1396 371117
862 1397 14868
334 1398 912718
628 1399 126952
304 1400 309650
1240 1401 848921
1012 1402 848921
121 1403 126952
1273 1404 45568
241 1405 577385
1374 1406 262079
1237 1407 371117
476 1408 204315
652 1409 912718
968 1410 558803
993 1411 66482
1223 1412 848234
212 1413 292466
863 1414 371117
1290 1415 234426
1025 1416 380252
365 1417 848234
1312 1418 234426
1090 1419 558803
37 1420 921261
763 1421 602514
828 1422 736619
470 1423 487354
222 1424 816898
127 1425 577858
1029 1426 43639
162 1427 380252
213 1428 558803
341 1429 912718
1005 1430 292466
655 1431 309650
943 1432 816898
448 1433 292466
1026 1434 487354
573 1435 25339
1340 1436 204315
791 1437 244287
343 1438 91486
1212 1439 310414
954 1440 45568
402 1441 309650
84 1442 455789
497 1443 558803
1334 1444 487354
1289 1445 848921
17 1446 380252
900 1447 848234
317 1448 558803
295 1449 371117
546 1450 292466
1073 1451 25339
722 1452 736619
560 1453 602514
89 1454 126952
343 1455 700803
1104 1456 14868
316 1457 228674
1131 1458 602514
190 1459 228674
495 1460 649461
404 1461 602514
1322 1462 91486
963 1463 816898
357 1464 66482
596 1465 15881
1093 1466 455789
1278 1467 228674
857 1468 577385
770 1469 816898
422 1470 577385
1403 1471 649461
516 1472 228674
925 1473 921261
1031 1474 848234
1297 1475 228674
1008 1476 380252
428 1477 371117
369 1478 619394
781 1479 395719
215 1480 602514
1332 1481 455789
1160 1482 25339
521 1483 262079
1140 1484 25339
995 1485 848234
879 1486 126952
1272 1487 335370
1043 1488 15881
853 1489 262079
559 1490 45568
691 1491 234426
643 1492 204315
709 1493 885204
438 1494 15881
157 1495 43639
737 1496 204315
430 1497 395719
550 1498 228674
986 1499 15881
390 1500 461789
984 1501 848234
1446 1502 865981
1327 1503 309650
1332 1504 335370
969 1505 25339
1116 1506 403161
1267 1507 865981
18 1508 558803
1065 1509 912718
232 1510 335370
1359 1511 865981
573 1512 558803
390 1513 309650
1391 1514 15881
729 1515 848234
739 1516 9007
202 1517 126952
1505 1518 228674
286 1519 43639
406 1520 912718
1027 1521 403161
103 1522 15881
291 1523 885204
1337 1524 91486
1345 1525 461789
963 1526 43639
619 1527 649461
118 1528 865981
1485 1529 602514
381 1530 455789
872 1531 577385
1429 1532 558803
615 1533 912718
234 1534 310414
442 1535 455789
473 1536 461789
747 1537 66482
410 1538 335370
463 1539 15881
826 1540 700803
1355 1541 700803
346 1542 15881
6 1543 309650
476 1544 912718
143 1545 558803
938 1546 371117
1140 1547 228674
1189 1548 395719
1136 1549 66482
1498 1550 577385
85 1551 14868
138 1552 395719
1171 1553 558803
1450 1554 66482
966 1555 461789
828 1556 45568
344 1557 700803
576 1558 43639
66 1559 848234
294 1560 126952
1343 1561 91486
59 1562 736619
1144 1563 558803
1361 1564 25339
217 1565 14868
1214 1566 262079
1004 1567 921261
91 1568 9007
401 1569 403161
253 1570 66482
1472 1571 403161
1252 1572 558803
1198 1573 15881
254 1574 577385
85 1575 43639
578 1576 126952
538 1577 395719
151 1578 9007
1279 1579 43639
697 1580 619394
12 1581 292466
1495 1582 234426
277 1583 649461
788 1584 43639
1094 1585 309650
793 1586 487354
242 1587 403161
474 1588 577385
236 1589 816898
1443 1590 45568
335 1591 700803
768 1592 865981
606 1593 649461
431 1594 45568
1175 1595 371117
361 1596 865981
1430 1597 602514
537 1598 228674
547 1599 649461
891 1600 14868
1378 1601 91486
282 1602 885204
419 1603 395719
1037 1604 487354
1523 1605 736619
1112 1606 9007
1078 1607 380252
883 1608 228674
1322 1609 912718
500 1610 736619
867 1611 461789
149 1612 228674
1245 1613 736619
1088 1614 619394
427 1615 395719
525 1616 234426
1235 1617 335370
1177 1618 15881
830 1619 43639
10 1620 126952
55 1621 487354
1520 1622 403161
1103 1623 921261
190 1624 335370
1586 1625 403161
1563 1626 43639
573 1627 921261
755 1628 25339
1340 1629 91486
1550 1630 455789
1117 1631 816898
1453 1632 292466
1094 1633 43639
1605 1634 848234
1405 1635 14868
414 1636 848921
61 1637 816898
95 1638 816898
712 1639 310414
429 1640 45568
756 1641 292466
1136 1642 9007
834 1643 204315
231 1644 262079
1554 1645 309650
1033 1646 310414
791 1647 461789
1007 1648 848921
1257 1649 885204
82 1650 885204
814 1651 15881
1100 1652 66482
1112 1653 66482
592 1654 45568
591 1655 848921
819 1656 234426
811 1657 736619
1474 1658 403161
1493 1659 865981
1555 1660 736619
779 1661 865981
878 1662 91486
851 1663 865981
943 1664 619394
831 1665 736619
1217 1666 461789
790 1667 558803
1142 1668 310414
1558 1669 66482
1472 1670 912718
185 1671 126952
1594 1672 380252
1642 1673 619394
1225 1674 848921
1655 1675 577858
841 1676 66482
1060 1677 921261
652 1678 649461
45 1679 736619
250 1680 848921
854 1681 602514
1488 1682 371117
583 1683 395719
197 1684 43639
1434 1685 558803
1676 1686 558803
1204 1687 816898
958 1688 912718
1560 1689 865981
1338 1690 921261
964 1691 487354
710 1692 395719
947 1693 335370
557 1694 310414
1141 1695 577385
236 1696 309650
308 1697 380252
1232 1698 15881
1630 1699 865981
1118 1700 577385
1283 1701 91486
374 1702 461789
261 1703 487354
1471 1704 577858
924 1705 487354
543 1706 577858
409 1707 602514
63 1708 848234
220 1709 736619
770 1710 649461
1369 1711 700803
713 1712 619394
1561 1713 309650
978 1714 380252
188 1715 619394
62 1716 380252
1271 1717 848921
1096 1718 865981
1133 1719 403161
1230 1720 14868
1000 1721 736619
1706 1722 395719
797 1723 43639
1398 1724 15881
855 1725 234426
81 1726 380252
938 1727 848921
950 1728 43639
1372 1729 736619
1380 1730 335370
1354 1731 487354
1207 1732 25339
191 1733 921261
869 1734 15881
240 1735 66482
717 1736 700803
170 1737 619394
727 1738 14868
652 1739 371117
1663 1740 395719
1033 1741 43639
1476 1742 66482
1524 1743 848234
1514 1744 487354
235 1745 126952
1144 1746 335370
910 1747 403161
584 1748 700803
1655 1749 292466
167 1750 700803
396 1751 15881
774 1752 244287
450 1753 558803
230 1754 395719
505 1755 380252
608 1756 487354
767 1757 14868
615 1758 91486
1437 1759 66482
384 1760 487354
819 1761 816898
261 1762 25339
1438 1763 91486
1456 1764 371117
1255 1765 309650
1412 1766 455789
755 1767 865981
486 1768 885204
1635 1769 244287
181 1770 91486
1276 1771 487354
1174 1772 91486
680 1773 244287
1252 1774 371117
1704 1775 126952
286 1776 204315
18 1777 848234
1262 1778 204315
814 1779 736619
986 1780 577385
1316 1781 262079
201 1782 602514
129 1783 602514
324 1784 292466
1619 1785 395719
359 1786 43639
678 1787 455789
1634 1788 816898
612 1789 700803
663 1790 126952
1507 1791 126952
488 1792 487354
427 1793 848234
54 1794 602514
463 1795 45568
359 1796 816898
652 1797 461789
217 1798 66482
1112 1799 310414
749 1800 309650
1042 1801 885204
1648 1802 292466
1719 1803 244287
1730 1804 262079
1588 1805 395719
1124 1806 9007
847 1807 461789
1107 1808 461789
1100 1809 395719
141 1810 848921
112 1811 848234
197 1812 292466
32 1813 455789
471 1814 91486
1227 1815 848921
615 1816 455789
1132 1817 865981
792 1818 848921
41 1819 335370
346 1820 649461
1312 1821 43639
603 1822 395719
429 1823 455789
1004 1824 395719
317 1825 558803
1047 1826 25339
239 1827 43639
1448 1828 700803
770 1829 45568
1446 1830 234426
17 1831 736619
302 1832 25339
590 1833 487354
1276 1834 577858
382 1835 234426
387 1836 25339
658 1837 310414
1008 1838 244287
949 1839 649461
408 1840 736619
1623 1841 403161
1474 1842 736619
1688 1843 619394
392 1844 309650
1281 1845 234426
47 1846 228674
139 1847 25339
1458 1848 403161
780 1849 292466
1417 1850 403161
1666 1851 816898
531 1852 700803
1395 1853 455789
1130 1854 292466
49 1855 912718
7 1856 25339
241 1857 885204
1204 1858 461789
1256 1859 395719
1727 1860 848921
372 1861 292466
350 1862 371117
181 1863 577858
210 1864 921261
94 1865 912718
1628 1866 204315
1685 1867 371117
297 1868 848234
743 1869 228674
915 1870 912718
702 1871 228674
1213 1872 602514
1393 1873 335370
1328 1874 45568
977 1875 602514
1863 1876 700803
1586 1877 262079
1713 1878 865981
32 1879 487354
417 1880 45568
1824 1881 816898
593 1882 912718
328 1883 577385
863 1884 455789
858 1885 371117
1494 1886 310414
1003 1887 14868
1290 1888 66482
273 1889 66482
1338 1890 921261
474 1891 292466
1519 1892 649461
1390 1893 602514
1563 1894 619394
296 1895 234426
1694 1896 619394
495 1897 380252
376 1898 380252
715 1899 602514
1050 1900 577385
570 1901 204315
637 1902 865981
948 1903 244287
1570 1904 921261
1165 1905 204315
59 1906 461789
852 1907 602514
1332 1908 45568
1716 1909 619394
1678 1910 244287
1349 1911 736619
894 1912 921261
1887 1913 204315
1205 1914 380252
1784 1915 310414
1867 1916 91486
1294 1917 204315
672 1918 234426
1110 1919 45568
965 1920 700803
1486 1921 380252
311 1922 487354
256 1923 371117
1433 1924 816898
142 1925 43639
1393 1926 310414
736 1927 371117
1126 1928 371117
274 1929 126952
259 1930 9007
275 1931 848234
1564 1932 649461
987 1933 700803
1819 1934 204315
1173 1935 292466
368 1936 43639
1337 1937 204315
1561 1938 234426
1800 1939 848234
710 1940 577385
1055 1941 380252
1155 1942 885204
1491 1943 371117
165 1944 848921
1892 1945 865981
1105 1946 45568
1273 1947 25339
2 1948 310414
193 1949 885204
1128 1950 292466
1012 1951 487354
546 1952 310414
1598 1953 885204
586 1954 816898
790 1955 865981
1287 1956 649461
1102 1957 15881
1183 1958 310414
996 1959 848234
233 1960 310414
815 1961 371117
801 1962 461789
1492 1963 885204
216 1964 126952
1905 1965 395719
1006 1966 403161
116 1967 228674
859 1968 126952
1295 1969 577385
61 1970 461789
291 1971 577858
1800 1972 43639
1936 1973 848234
1626 1974 700803
1120 1975 865981
7 1976 558803
265 1977 558803
1952 1978 602514
505 1979 14868
154 1980 403161
1348 1981 309650
378 1982 455789
1588 1983 395719
1437 1984 865981
792 1985 234426
135 1986 487354
1353 1987 403161
1743 1988 921261
1736 1989 602514
1875 1990 848234
1059 1991 577385
3 1992 848921
309 1993 403161
920 1994 700803
1768 1995 380252
1835 1996 25339
1067 1997 865981
306 1998 9007
1996 1999 309650
1742 2000 371117
1265 2001 558803
1075 2002 487354
1905 2003 14868
814 2004 865981
1588 2005 91486
1963 2006 43639
131 2007 577385
1185 2008 204315
1964 2009 885204
1009 2010 912718
1018 2011 335370
208 2012 126952
1421 2013 848234
1819 2014 619394
1224 2015 885204
1736 2016 921261
1581 2017 234426
1429 2018 455789
1622 2019 403161
1843 2020 15881
1346 2021 9007
1828 2022 43639
866 2023 43639
777 2024 577858
1446 2025 309650
254 2026 912718
604 2027 700803
1841 2028 848234
1995 2029 403161
1173 2030 602514
1942 2031 15881
1011 2032 310414
1785 2033 816898
1208 2034 244287
103 2035 619394
1499 2036 921261
1672 2037 262079
841 2038 262079
1111 2039 885204
1272 2040 885204
861 2041 228674
681 2042 848921
466 2043 43639
1117 2044 371117
234 2045 395719
1463 2046 9007
881 2047 619394
574 2048 91486
190 2049 403161
516 2050 700803
273 2051 403161
316 2052 66482
1761 2053 15881
1967 2054 619394
1492 2055 865981
182 2056 865981
1521 2057 14868
377 2058 45568
1464 2059 66482
349 2060 865981
2037 2061 9007
1401 2062 228674
1713 2063 262079
183 2064 309650
1044 2065 371117
1769 2066 126952
1574 2067 262079
1984 2068 395719
1660 2069 577858
1965 2070 848234
829 2071 380252
1769 2072 262079
619 2073 371117
766 2074 885204
1092 2075 380252
1394 2076 126952
690 2077 262079
235 2078 403161
2045 2079 91486
1543 2080 9007
72 2081 487354
1065 2082 577385
1109 2083 335370
1536 2084 912718
1864 2085 371117
466 2086 865981
918 2087 91486
761 2088 371117
1282 2089 25339
201 2090 736619
1385 2091 395719
1764 2092 228674
1891 2093 45568
467 2094 126952
948 2095 403161
1 2096 91486
1307 2097 487354
1305 2098 848921
961 2099 602514
1711 2100 912718
1295 2101 25339
102 2102 228674
818 2103 602514
1297 2104 619394
762 2105 487354
1532 2106 9007
2105 2107 9007
907 2108 602514
1888 2109 380252
82 2110 700803
712 2111 848234
1216 2112 816898
650 2113 619394
1324 2114 9007
1195 2115 700803
375 2116 816898
1890 2117 262079
1072 2118 736619
967 2119 455789
1755 2120 66482
1482 2121 66482
603 2122 461789
1245 2123 487354
1646 2124 204315
2018 2125 310414
1045 2126 487354
646 2127 335370
783 2128 700803
1331 2129 234426
1451 2130 228674
913 2131 816898
1047 2132 309650
2049 2133 262079
1021 2134 816898
248 2135 558803
828 2136 25339
1374 2137 455789
1795 2138 619394
33 2139 736619
418 2140 15881
1964 2141 461789
887 2142 700803
584 2143 335370
976 2144 455789
1766 2145 371117
429 2146 25339
650 2147 9007
2010 2148 395719
1352 2149 15881
422 2150 602514
1182 2151 885204
1267 2152 15881
1969 2153 816898
322 2154 700803
2141 2155 292466
875 2156 25339
43 2157 602514
601 2158 25339
921 2159 309650
927 2160 45568
12 2161 649461
173 2162 455789
1450 2163 228674
1578 2164 335370
981 2165 43639
915 2166 885204
256 2167 736619
957 2168 25339
545 2169 619394
1357 2170 371117
235 2171 25339
260 2172 577385
675 2173 15881
242 2174 66482
889 2175 921261
1420 2176 25339
1957 2177 9007
1834 2178 602514
88 2179 371117
628 2180 66482
734 2181 25339
513 2182 9007
1290 2183 9007
293 2184 848234
1890 2185 335370
1487 2186 649461
1758 2187 461789
663 2188 700803
29 2189 228674
175 2190 204315
1801 2191 292466
437 2192 649461
1261 2193 912718
1447 2194 602514
1497 2195 865981
1423 2196 25339
1273 2197 310414
1578 2198 602514
644 2199 45568
925 2200 371117
2181 2201 619394
794 2202 228674
529 2203 455789
1824 2204 848234
973 2205 9007
245 2206 865981
2053 2207 91486
814 2208 14868
1916 2209 292466
291 2210 848234
442 2211 921261
126 2212 91486
977 2213 816898
3 2214 865981
1184 2215 14868
921 2216 816898
196 2217 455789
975 2218 126952
672 2219 14868
815 2220 380252
1650 2221 816898
2200 2222 43639
1261 2223 577385
630 2224 403161
1270 2225 262079
2117 2226 9007
1092 2227 736619
2204 2228 228674
845 2229 43639
51 2230 912718
2094 2231 380252
409 2232 380252
1730 2233 848921
1482 2234 9007
2073 2235 848234
11 2236 700803
71 2237 14868
2228 2238 204315
1105 2239 649461
86 2240 461789
2129 2241 380252
1426 2242 335370
1759 2243 602514
276 2244 371117
302 2245 848921
2181 2246 558803
1936 2247 912718
1852 2248 371117
364 2249 885204
84 2250 14868
1296 2251 292466
1411 2252 577858
2166 2253 9007
1226 2254 577385
134 2255 292466
68 2256 455789
1150 2257 461789
1709 2258 455789
1305 2259 577858
401 2260 91486
1604 2261 921261
845 2262 91486
1961 2263 700803
720 2264 204315
1154 2265 66482
733 2266 310414
612 2267 816898
248 2268 848921
315 2269 15881
240 2270 700803
906 2271 292466
812 2272 292466
1776 2273 228674
341 2274 885204
1078 2275 816898
1609 2276 487354
2212 2277 91486
1994 2278 577385
1000 2279 558803
363 2280 309650
832 2281 244287
46 2282 487354
585 2283 228674
1311 2284 921261
1476 2285 865981
1524 2286 461789
2079 2287 816898
949 2288 292466
2172 2289 380252
1229 2290 736619
46 2291 309650
1339 2292 380252
489 2293 380252
294 2294 912718
17 2295 848921
1608 2296 577385
663 2297 228674
658 2298 649461
348 2299 736619
1683 2300 25339
801 2301 649461
1446 2302 25339
974 2303 700803
293 2304 371117
949 2305 262079
536 2306 736619
641 2307 234426
1915 2308 577385
1762 2309 15881
2187 2310 15881
1388 2311 487354
133 2312 371117
1408 2313 335370
1620 2314 461789
631 2315 234426
1207 2316 577858
466 2317 912718
902 2318 15881
1590 2319 577858
1720 2320 228674
1482 2321 310414
127 2322 244287
1187 2323 912718
790 2324 43639
684 2325 371117
154 2326 602514
628 2327 602514
222 2328 371117
643 2329 43639
771 2330 309650
2271 2331 25339
827 2332 234426
1202 2333 487354
1255 2334 816898
912 2335 885204
258 2336 865981
1216 2337 371117
13 2338 455789
877 2339 848921
1977 2340 9007
1568 2341 14868
1514 2342 649461
1499 2343 66482
1553 2344 335370
1083 2345 9007
1369 2346 736619
2105 2347 602514
1096 2348 234426
727 2349 310414
978 2350 461789
1526 2351 126952
317 2352 736619
253 2353 335370
2043 2354 14868
2352 2355 234426
951 2356 45568
1809 2357 921261
889 2358 14868
2286 2359 228674
1822 2360 309650
356 2361 91486
1138 2362 577858
583 2363 310414
1058 2364 45568
407 2365 619394
1211 2366 66482
2221 2367 487354
497 2368 262079
464 2369 45568
219 2370 309650
982 2371 234426
795 2372 380252
1295 2373 292466
973 2374 816898
818 2375 649461
769 2376 577858
1960 2377 921261
1393 2378 816898
774 2379 91486
1616 2380 848234
99 2381 921261
1998 2382 15881
678 2383 912718
1582 2384 262079
1186 2385 912718
380 2386 487354
2199 2387 848921
1148 2388 619394
1349 2389 371117
2211 2390 736619
1772 2391 310414
2293 2392 885204
315 2393 244287
183 2394 292466
1508 2395 309650
1864 2396 9007
784 2397 848234
2164 2398 15881
2384 2399 700803
549 2400 309650
325 2401 619394
358 2402 380252
1172 2403 204315
1279 2404 14868
1648 2405 309650
1332 2406 848234
2266 2407 455789
772 2408 848234
434 2409 204315
212 2410 66482
2233 2411 577858
782 2412 14868
93 2413 619394
1573 2414 848921
945 2415 335370
345 2416 126952
1096 2417 885204
1428 2418 45568
2136 2419 244287
2190 2420 234426
669 2421 602514
1854 2422 577385
547 2423 45568
2376 2424 25339
1421 2425 912718
699 2426 25339
1117 2427 885204
1606 2428 309650
58 2429 736619
1161 2430 885204
563 2431 921261
1830 2432 380252
837 2433 403161
331 2434 700803
122 2435 577858
1698 2436 371117
560 2437 912718
2307 2438 395719
102 2439 14868
1978 2440 487354
1335 2441 455789
2141 2442 865981
349 2443 461789
540 2444 487354
1915 2445 244287
839 2446 43639
1863 2447 816898
1357 2448 848234
1894 2449 602514
2449 2450 126952
1573 2451 487354
843 2452 461789
1745 2453 309650
2448 2454 244287
2373 2455 700803
2198 2456 395719
1487 2457 848921
1362 2458 602514
758 2459 816898
607 2460 912718
1259 2461 558803
1651 2462 91486
333 2463 700803
1745 2464 487354
1371 2465 292466
1954 2466 921261
2410 2467 15881
1955 2468 371117
374 2469 15881
1642 2470 262079
508 2471 234426
2399 2472 43639
1606 2473 700803
1765 2474 335370
562 2475 649461
192 2476 455789
1228 2477 14868
1548 2478 816898
671 2479 335370
476 2480 66482
1485 2481 45568
758 2482 234426
467 2483 461789
1642 2484 25339
697 2485 487354
655 2486 43639
862 2487 25339
331 2488 45568
1247 2489 292466
236 2490 848234
1300 2491 292466
1049 2492 262079
1104 2493 865981
1144 2494 380252
318 2495 91486
382 2496 602514
162 2497 736619
125 2498 43639
702 2499 577385
1820 2500 15881
1570 2501 816898
552 2502 91486
676 2503 395719
663 2504 25339
2185 2505 204315
99 2506 461789
922 2507 816898
391 2508 91486
368 2509 487354
2429 2510 15881
586 2511 736619
1905 2512 487354
1325 2513 310414
1836 2514 310414
2141 2515 816898
46 2516 848234
1845 2517 885204
202 2518 558803
188 2519 380252
454 2520 577385
178 2521 455789
1432 2522 126952
75 2523 45568
1113 2524 126952
2349 2525 577385
1453 2526 14868
1339 2527 204315
1852 2528 577858
1666 2529 228674
1731 2530 228674
1559 2531 461789
1108 2532 9007
2322 2533 14868
1296 2534 848921
2524 2535 487354
323 2536 577385
1450 2537 292466
496 2538 234426
364 2539 395719
1587 2540 461789
2353 2541 619394
1186 2542 577385
1656 2543 66482
1629 2544 700803
1755 2545 577858
1063 2546 14868
1658 2547 234426
1401 2548 865981
2182 2549 619394
1203 2550 310414
1101 2551 335370
18 2552 262079
1740 2553 487354
2183 2554 912718
2305 2555 912718
1880 2556 395719
989 2557 912718
2043 2558 91486
2460 2559 848921
143 2560 310414
969 2561 912718
687 2562 335370
1635 2563 885204
163 2564 335370
2322 2565 848234
2186 2566 309650
907 2567 461789
952 2568 395719
1503 2569 228674
1290 2570 736619
1468 2571 921261
1107 2572 14868
2164 2573 126952
158 2574 649461
1545 2575 558803
626 2576 602514
620 2577 228674
987 2578 602514
1198 2579 921261
1310 2580 912718
588 2581 335370
1552 2582 736619
2127 2583 371117
581 2584 736619
1724 2585 262079
1396 2586 228674
2444 2587 602514
1275 2588 395719
533 2589 602514
256 2590 395719
1276 2591 204315
1251 2592 558803
602 2593 461789
694 2594 558803
1317 2595 403161
1897 2596 455789
1872 2597 885204
860 2598 126952
394 2599 912718
437 2600 371117
1852 2601 848234
1049 2602 66482
1877 2603 91486
2515 2604 912718
250 2605 14868
2160 2606 848921
195 2607 619394
2190 2608 204315
2329 2609 204315
2343 2610 371117
1506 2611 736619
1504 2612 14868
533 2613 395719
2458 2614 234426
1950 2615 885204
783 2616 234426
171 2617 66482
133 2618 461789
2027 2619 126952
912 2620 885204
1108 2621 43639
1954 2622 848921
1495 2623 816898
2002 2624 602514
2190 2625 619394
70 2626 25339
1724 2627 15881
601 2628 126952
2374 2629 228674
1009 2630 577385
2040 2631 816898
1269 2632 921261
463 2633 371117
212 2634 577385
1002 2635 262079
1601 2636 455789
1218 2637 380252
1935 2638 91486
73 2639 461789
129 2640 577385
96 2641 292466
2623 2642 204315
382 2643 25339
1902 2644 228674
198 2645 234426
275 2646 244287
902 2647 885204
1735 2648 204315
327 2649 310414
34 2650 700803
333 2651 577858
97 2652 45568
1601 2653 455789
1806 2654 848921
2282 2655 577385
976 2656 912718
1573 2657 455789
1855 2658 395719
1132 2659 577858
703 2660 885204
1077 2661 45568
2127 2662 380252
1144 2663 455789
231 2664 848234
1998 2665 335370
2357 2666 9007
1624 2667 577385
1691 2668 602514
1759 2669 335370
381 2670 204315
83 2671 310414
2316 2672 262079
2059 2673 262079
915 2674 602514
1361 2675 91486
943 2676 244287
1718 2677 335370
114 2678 865981
2128 2679 816898
2019 2680 736619
2358 2681 45568
731 2682 885204
1665 2683 395719
2191 2684 403161
2226 2685 45568
1143 2686 91486
2415 2687 649461
924 2688 25339
1091 2689 14868
548 2690 14868
8 2691 310414
739 2692 234426
288 2693 619394
418 2694 380252
2688 2695 234426
2308 2696 310414
832 2697 228674
982 2698 310414
1206 2699 455789
1801 2700 234426
307 2701 848234
1813 2702 619394
2672 2703 461789
2070 2704 619394
2124 2705 228674
1605 2706 15881
1754 2707 91486
241 2708 848234
1180 2709 602514
2679 2710 816898
1337 2711 228674
332 2712 45568
162 2713 310414
782 2714 649461
1187 2715 15881
951 2716 66482
2657 2717 244287
92 2718 335370
2362 2719 14868
625 2720 244287
1070 2721 292466
845 2722 234426
2091 2723 380252
1075 2724 43639
165 2725 380252
521 2726 66482
631 2727 15881
35 2728 309650
608 2729 395719
1989 2730 455789
1803 2731 380252
1423 2732 848234
2475 2733 736619
585 2734 816898
361 2735 619394
2304 2736 91486
73 2737 14868
1057 2738 244287
1180 2739 244287
1965 2740 885204
933 2741 310414
740 2742 292466
2122 2743 455789
854 2744 848234
1472 2745 310414
2331 2746 25339
21 2747 848234
641 2748 292466
1149 2749 25339
2256 2750 292466
2381 2751 204315
1328 2752 816898
2471 2753 487354
1680 2754 403161
422 2755 262079
2742 2756 403161
2402 2757 309650
792 2758 9007
2075 2759 700803
930 2760 700803
1493 2761 262079
2392 2762 461789
1132 2763 577858
442 2764 262079
488 2765 736619
2743 2766 736619
1190 2767 602514
141 2768 43639
1040 2769 14868
1231 2770 234426
2698 2771 816898
590 2772 262079
1489 2773 25339
451 2774 921261
2370 2775 380252
2328 2776 577385
1789 2777 14868
1025 2778 126952
2158 2779 14868
1266 2780 9007
279 2781 244287
397 2782 91486
1811 2783 309650
2379 2784 228674
935 2785 262079
2188 2786 43639
2153 2787 848234
1315 2788 380252
1690 2789 25339
2292 2790 43639
1415 2791 848921
2098 2792 25339
607 2793 649461
374 2794 577858
601 2795 380252
736 2796 577385
1338 2797 9007
1544 2798 126952
960 2799 649461
2055 2800 848234
1563 2801 25339
356 2802 885204
1426 2803 865981
187 2804 244287
1309 2805 558803
2591 2806 885204
295 2807 43639
2610 2808 577385
1659 2809 310414
2332 2810 577385
619 2811 380252
2653 2812 912718
488 2813 310414
2671 2814 649461
1099 2815 371117
1126 2816 577858
1410 2817 848234
491 2818 885204
1666 2819 395719
908 2820 700803
973 2821 45568
2052 2822 700803
2208 2823 91486
1840 2824 45568
759 2825 262079
2530 2826 577385
469 2827 126952
1702 2828 487354
2137 2829 455789
583 2830 558803
1544 2831 309650
1479 2832 66482
2736 2833 487354
614 2834 395719
145 2835 736619
1398 2836 602514
2189 2837 126952
1069 2838 577385
2169 2839 91486
2429 2840 487354
1371 2841 15881
2725 2842 309650
1317 2843 204315
1902 2844 736619
175 2845 45568
1262 2846 244287
1973 2847 921261
2195 2848 25339
81 2849 848921
1365 2850 865981
266 2851 15881
661 2852 921261
1903 2853 577385
702 2854 558803
2446 2855 619394
614 2856 204315
1704 2857 91486
1804 2858 455789
367 2859 9007
1805 2860 66482
2555 2861 228674
1649 2862 310414
421 2863 45568
1324 2864 244287
1890 2865 9007
1392 2866 921261
2317 2867 262079
1008 2868 262079
1127 2869 921261
2439 2870 228674
214 2871 403161
1391 2872 649461
2813 2873 244287
1332 2874 43639
471 2875 461789
659 2876 234426
2404 2877 577858
1078 2878 126952
1328 2879 403161
1153 2880 234426
369 2881 577385
927 2882 403161
1453 2883 126952
1002 2884 577858
1265 2885 380252
811 2886 649461
2062 2887 14868
1325 2888 14868
2275 2889 371117
982 2890 309650
939 2891 292466
195 2892 309650
2883 2893 403161
2241 2894 43639
984 2895 649461
1014 2896 228674
654 2897 371117
1623 2898 14868
1862 2899 45568
974 2900 619394
970 2901 455789
2038 2902 816898
2728 2903 885204
2374 2904 395719
1505 2905 9007
214 2906 885204
1172 2907 487354
1577 2908 335370
1291 2909 14868
2381 2910 204315
895 2911 126952
719 2912 204315
945 2913 45568
2352 2914 228674
2493 2915 310414
2202 2916 736619
1453 2917 403161
2215 2918 461789
1600 2919 455789
2136 2920 25339
2817 2921 865981
2501 2922 649461
2877 2923 848921
52 2924 649461
1843 2925 461789
2457 2926 558803
2720 2927 371117
889 2928 14868
266 2929 558803
865 2930 461789
269 2931 848234
1227 2932 15881
1307 2933 577858
1759 2934 700803
2212 2935 126952
1848 2936 649461
2355 2937 234426
59 2938 15881
646 2939 234426
2877 2940 126952
73 2941 292466
402 2942 700803
444 2943 921261
1041 2944 262079
2545 2945 14868
1500 2946 45568
2385 2947 577858
270 2948 816898
677 2949 403161
2341 2950 848921
2107 2951 461789
193 2952 865981
568 2953 380252
2389 2954 455789
628 2955 455789
2231 2956 15881
463 2957 602514
2867 2958 91486
594 2959 487354
907 2960 292466
758 2961 395719
988 2962 309650
1928 2963 15881
2008 2964 848921
2505 2965 848921
1096 2966 816898
287 2967 577858
2144 2968 619394
2134 2969 865981
459 2970 403161
1305 2971 371117
389 2972 912718
2428 2973 309650
2318 2974 91486
348 2975 262079
1884 2976 395719
724 2977 921261
2840 2978 577858
768 2979 9007
1188 2980 380252
1144 2981 14868
521 2982 921261
1063 2983 126952
93 2984 9007
1258 2985 736619
2425 2986 602514
2827 2987 126952
1700 2988 487354
734 2989 262079
493 2990 912718
2378 2991 461789
1331 2992 619394
262 2993 45568
923 2994 865981
730 2995 403161
2216 2996 244287
1415 2997 309650
702 2998 9007
359 2999 619394
1561 3000 736619
1888 3001 700803
1191 3002 292466
2900 3003 309650
780 3004 558803
1832 3005 14868
965 3006 816898
741 3007 126952
1695 3008 126952
2414 3009 25339
1504 3010 43639
2240 3011 649461
2020 3012 885204
1566 3013 912718
958 3014 9007
465 3015 310414
1281 3016 66482
983 3017 91486
705 3018 43639
2104 3019 335370
2090 3020 15881
149 3021 309650
1793 3022 228674
773 3023 602514
999 3024 736619
153 3025 395719
1611 3026 461789
2705 3027 66482
2206 3028 45568
150 3029 25339
2057 3030 700803
1340 3031 43639
324 3032 310414
96 3033 700803
16 3034 371117
1339 3035 228674
256 3036 848234
2676 3037 848234
2209 3038 310414
700 3039 126952
1327 3040 380252
1137 3041 234426
583 3042 309650
2361 3043 848234
2108 3044 558803
2488 3045 912718
2841 3046 403161
2289 3047 700803
2437 3048 309650
2019 3049 204315
1214 3050 43639
2663 3051 335370
973 3052 816898
1104 3053 45568
2839 3054 244287
2904 3055 619394
115 3056 244287
2110 3057 912718
2951 3058 736619
972 3059 558803
2442 3060 395719
821 3061 912718
2072 3062 912718
2407 3063 43639
1800 3064 244287
2211 3065 848234
2847 3066 736619
2389 3067 912718
2617 3068 395719
2789 3069 204315
761 3070 43639
230 3071 921261
2907 3072 380252
1458 3073 848234
2193 3074 15881
2448 3075 885204
1999 3076 244287
2803 3077 371117
602 3078 602514
1183 3079 244287
2471 3080 885204
154 3081 292466
1910 3082 292466
1989 3083 455789
2149 3084 45568
1943 3085 865981
2107 3086 310414
1954 3087 244287
1156 3088 461789
1378 3089 126952
162 3090 602514
771 3091 848234
2355 3092 649461
1473 3093 244287
406 3094 228674
1508 3095 25339
738 3096 228674
1526 3097 262079
2519 3098 15881
398 3099 292466
2841 3100 66482
256 3101 461789
965 3102 15881
2256 3103 577385
1261 3104 43639
185 3105 309650
2506 3106 9007
1253 3107 403161
910 3108 15881
560 3109 700803
2072 3110 921261
410 3111 25339
1400 3112 9007
2331 3113 335370
462 3114 865981
2642 3115 865981
10 3116 848921
713 3117 204315
286 3118 204315
414 3119 395719
702 3120 885204
1528 3121 403161
397 3122 126952
1771 3123 244287
1460 3124 66482
1632 3125 262079
726 3126 848234
2825 3127 309650
2921 3128 558803
2033 3129 309650
2671 3130 848921
400 3131 649461
2683 3132 912718
499 3133 244287
2829 3134 91486
2519 3135 371117
484 3136 292466
2316 3137 848921
1382 3138 558803
2278 3139 921261
1220 3140 602514
538 3141 395719
559 3142 921261
1417 3143 309650
1095 3144 234426
3010 3145 700803
736 3146 262079
683 3147 487354
523 3148 921261
1411 3149 14868
310 3150 577385
2250 3151 649461
1414 3152 15881
140 3153 45568
18 3154 91486
1910 3155 335370
2393 3156 395719
2648 3157 91486
2562 3158 649461
1229 3159 848234
1086 3160 558803
2795 3161 403161
1826 3162 602514
2208 3163 619394
2448 3164 865981
1036 3165 577858
2986 3166 395719
352 3167 66482
1935 3168 310414
26 3169 577385
985 3170 577385
1239 3171 25339
2479 3172 25339
2592 3173 380252
2892 3174 558803
70 3175 736619
2543 3176 848234
1760 3177 292466
2432 3178 234426
1804 3179 262079
2761 3180 885204
2779 3181 395719
228 3182 126952
409 3183 700803
1167 3184 577385
1819 3185 455789
1359 3186 461789
75 3187 736619
1000 3188 380252
1482 3189 25339
2647 3190 14868
2058 3191 15881
2561 3192 309650
3051 3193 335370
2612 3194 602514
1593 3195 912718
3009 3196 736619
996 3197 577858
1500 3198 577385
563 3199 204315
2882 3200 262079
762 3201 649461
790 3202 461789
585 3203 461789
2062 3204 736619
3147 3205 700803
1273 3206 15881
854 3207 816898
2060 3208 335370
129 3209 921261
2737 3210 577385
1725 3211 403161
1681 3212 921261
254 3213 126952
1470 3214 487354
682 3215 736619
370 3216 292466
174 3217 204315
2300 3218 292466
2092 3219 14868
2425 3220 292466
1253 3221 91486
2040 3222 14868
85 3223 395719
451 3224 558803
3077 3225 577385
1072 3226 45568
2174 3227 649461
311 3228 865981
2356 3229 335370
2674 3230 310414
820 3231 310414
2220 3232 619394
3156 3233 885204
876 3234 921261
1150 3235 912718
1201 3236 848234
1783 3237 577385
2986 3238 816898
1587 3239 262079
3050 3240 602514
2877 3241 736619
889 3242 126952
1212 3243 848234
2364 3244 371117
2081 3245 380252
2717 3246 848921
3085 3247 461789
2934 3248 204315
728 3249 865981
3247 3250 335370
1341 3251 234426
215 3252 816898
267 3253 848234
2156 3254 292466
531 3255 403161
1555 3256 816898
656 3257 234426
327 3258 461789
461 3259 15881
2646 3260 292466
2006 3261 700803
599 3262 848921
1398 3263 848921
2768 3264 455789
999 3265 380252
1603 3266 455789
3219 3267 371117
1528 3268 736619
2755 3269 204315
877 3270 395719
584 3271 9007
1962 3272 865981
2802 3273 865981
2160 3274 234426
1501 3275 602514
19 3276 700803
1106 3277 126952
3135 3278 602514
1570 3279 45568
872 3280 395719
1313 3281 577385
2934 3282 45568
667 3283 700803
341 3284 577385
644 3285 371117
2342 3286 91486
3108 3287 9007
2354 3288 380252
248 3289 619394
2483 3290 403161
766 3291 848234
3124 3292 204315
838 3293 848234
2651 3294 921261
947 3295 292466
2923 3296 865981
2943 3297 14868
1701 3298 700803
907 3299 602514
2370 3300 9007
1796 3301 395719
974 3302 921261
27 3303 66482
193 3304 15881
2539 3305 461789
1357 3306 848921
2284 3307 487354
2420 3308 204315
148 3309 25339
611 3310 45568
2856 3311 15881
2375 3312 204315
2556 3313 912718
2466 3314 912718
1493 3315 577858
1699 3316 91486
479 3317 45568
2616 3318 204315
1641 3319 45568
982 3320 126952
1456 3321 912718
795 3322 15881
46 3323 25339
2670 3324 816898
1774 3325 865981
2393 3326 310414
3142 3327 577858
899 3328 577385
2403 3329 371117
2793 3330 848921
2303 3331 921261
2072 3332 395719
1619 3333 848921
730 3334 455789
3165 3335 380252
2398 3336 865981
302 3337 921261
1118 3338 736619
1600 3339 15881
3244 3340 848921
1910 3341 228674
1109 3342 403161
2777 3343 310414
210 3344 395719
409 3345 244287
1488 3346 602514
2849 3347 700803
1004 3348 700803
231 3349 292466
819 3350 262079
2521 3351 310414
1777 3352 461789
2688 3353 380252
2718 3354 228674
407 3355 244287
2165 3356 9007
530 3357 848234
2833 3358 292466
2738 3359 602514
2 3360 912718
1471 3361 865981
2009 3362 848921
2333 3363 395719
2509 3364 310414
2224 3365 66482
1117 3366 262079
2257 3367 25339
966 3368 736619
1074 3369 461789
3250 3370 91486
1351 3371 602514
3289 3372 309650
3178 3373 395719
597 3374 228674
2275 3375 380252
558 3376 395719
1380 3377 335370
1015 3378 244287
2807 3379 234426
2665 3380 865981
1554 3381 371117
629 3382 619394
308 3383 91486
1978 3384 487354
3286 3385 736619
2373 3386 371117
737 3387 9007
552 3388 262079
2467 3389 455789
1348 3390 45568
1291 3391 380252
2904 3392 91486
2760 3393 487354
850 3394 45568
660 3395 487354
2386 3396 310414
742 3397 15881
2433 3398 403161
113 3399 310414
1471 3400 371117
2726 3401 335370
214 3402 371117
429 3403 395719
195 3404 558803
1223 3405 577858
1235 3406 912718
985 3407 865981
334 3408 577385
2321 3409 335370
2795 3410 577858
415 3411 602514
1944 3412 461789
2071 3413 335370
403 3414 700803
2499 3415 403161
266 3416 91486
90 3417 244287
1792 3418 204315
1285 3419 204315
398 3420 43639
2578 3421 9007
2374 3422 619394
1890 3423 912718
1168 3424 126952
2491 3425 25339
1572 3426 15881
3188 3427 461789
231 3428 309650
272 3429 25339
2092 3430 816898
1377 3431 619394
3419 3432 310414
642 3433 244287
942 3434 816898
1659 3435 262079
853 3436 14868
372 3437 558803
1919 3438 45568
2219 3439 14868
2249 3440 403161
2430 3441 9007
3404 3442 602514
2674 3443 292466
1597 3444 14868
1316 3445 43639
881 3446 43639
1251 3447 912718
653 3448 262079
2029 3449 461789
1685 3450 45568
1864 3451 487354
2007 3452 91486
574 3453 865981
2437 3454 244287
489 3455 9007
1222 3456 649461
2510 3457 371117
2425 3458 66482
2519 3459 380252
2773 3460 816898
1685 3461 9007
3215 3462 577858
2664 3463 403161
1560 3464 602514
3306 3465 14868
424 3466 228674
932 3467 848921
1165 3468 848234
3399 3469 558803
2003 3470 126952
2515 3471 577858
668 3472 816898
809 3473 403161
2202 3474 577858
2020 3475 204315
1414 3476 577385
2235 3477 619394
3456 3478 921261
1785 3479 461789
3476 3480 865981
44 3481 885204
1086 3482 736619
3449 3483 15881
922 3484 395719
2140 3485 816898
3387 3486 126952
2310 3487 91486
315 3488 816898
3365 3489 262079
1846 3490 848234
174 3491 577385
2707 3492 380252
1983 3493 66482
2755 3494 700803
1713 3495 371117
144 3496 558803
1855 3497 816898
1417 3498 649461
1648 3499 310414
1523 3500 43639
33 3501 921261
1755 3502 577858
3006 3503 292466
1156 3504 885204
310 3505 91486
1916 3506 91486
2200 3507 309650
472 3508 14868
814 3509 91486
1300 3510 15881
2434 3511 921261
874 3512 403161
3266 3513 15881
1538 3514 395719
1016 3515 403161
3291 3516 228674
347 3517 262079
971 3518 700803
655 3519 228674
1834 3520 66482
1952 3521 848234
3084 3522 700803
481 3523 91486
2507 3524 204315
455 3525 461789
1716 3526 558803
3129 3527 91486
1006 3528 371117
1879 3529 234426
2429 3530 455789
52 3531 461789
1385 3532 310414
2224 3533 577385
2183 3534 25339
696 3535 395719
1389 3536 43639
2633 3537 262079
809 3538 380252
2085 3539 234426
1994 3540 335370
3176 3541 310414
3332 3542 885204
2604 3543 66482
2463 3544 335370
2924 3545 558803
3426 3546 204315
690 3547 66482
847 3548 912718
2533 3549 865981
978 3550 9007
898 3551 262079
2235 3552 9007
1992 3553 244287
1741 3554 66482
402 3555 380252
2127 3556 461789
2134 3557 577858
25 3558 487354
1738 3559 371117
2320 3560 848921
2341 3561 649461
2073 3562 577858
1095 3563 234426
2788 3564 234426
2545 3565 403161
1578 3566 335370
1942 3567 461789
202 3568 126952
46 3569 558803
2879 3570 848234
1921 3571 700803
3505 3572 91486
2054 3573 43639
3515 3574 234426
2342 3575 335370
679 3576 66482
1379 3577 736619
2222 3578 649461
3360 3579 455789
3166 3580 25339
2322 3581 292466
2964 3582 816898
633 3583 912718
2366 3584 619394
819 3585 461789
3337 3586 292466
1388 3587 234426
972 3588 91486
1131 3589 921261
1010 3590 461789
3577 3591 25339
2457 3592 335370
1344 3593 577385
879 3594 126952
3521 3595 234426
551 3596 66482
1191 3597 204315
2601 3598 15881
781 3599 912718
1131 3600 848921
1156 3601 461789
947 3602 403161
1713 3603 228674
1215 3604 577858
2536 3605 234426
1724 3606 234426
2204 3607 885204
444 3608 126952
3526 3609 395719
2818 3610 126952
3002 3611 15881
1624 3612 848921
2249 3613 309650
906 3614 309650
2331 3615 9007
2765 3616 921261
3287 3617 262079
2637 3618 461789
3055 3619 487354
1789 3620 310414
1608 3621 577858
3002 3622 885204
3244 3623 455789
2453 3624 577858
652 3625 43639
80 3626 885204
2115 3627 66482
3232 3628 91486
1922 3629 292466
1801 3630 43639
1682 3631 848921
1570 3632 335370
1141 3633 43639
2910 3634 234426
2341 3635 577858
3451 3636 244287
2509 3637 602514
1126 3638 310414
1887 3639 487354
2084 3640 204315
2182 3641 335370
1769 3642 558803
3576 3643 885204
177 3644 292466
3540 3645 380252
1579 3646 649461
2189 3647 885204
1726 3648 25339
1872 3649 335370
49 3650 921261
2177 3651 380252
2460 3652 335370
174 3653 66482
3639 3654 577858
796 3655 403161
35 3656 43639
2998 3657 848921
641 3658 262079
2296 3659 25339
1128 3660 43639
648 3661 234426
2296 3662 487354
3117 3663 204315
2401 3664 204315
2015 3665 619394
1810 3666 45568
797 3667 262079
2853 3668 558803
365 3669 816898
1301 3670 921261
1738 3671 848921
646 3672 91486
681 3673 403161
2382 3674 455789
1217 3675 244287
215 3676 602514
3044 3677 244287
2881 3678 455789
860 3679 43639
2012 3680 204315
3199 3681 558803
2617 3682 865981
868 3683 228674
3666 3684 577385
1113 3685 126952
1629 3686 335370
1757 3687 848921
1694 3688 558803
1988 3689 45568
464 3690 619394
1701 3691 204315
1165 3692 244287
2720 3693 9007
1222 3694 403161
1100 3695 309650
633 3696 380252
8 3697 848921
1549 3698 619394
657 3699 45568
3635 3700 244287
688 3701 912718
3317 3702 403161
1234 3703 66482
1980 3704 558803
1520 3705 335370
2850 3706 262079
1981 3707 577858
687 3708 865981
475 3709 921261
2137 3710 912718
27 3711 865981
2011 3712 309650
1443 3713 816898
1040 3714 43639
2719 3715 43639
2261 3716 14868
590 3717 912718
1112 3718 335370
208 3719 885204
2102 3720 244287
3643 3721 885204
3038 3722 736619
3517 3723 91486
885 3724 885204
3659 3725 848234
318 3726 204315
3235 3727 736619
1485 3728 380252
1323 3729 577385
2786 3730 455789
1135 3731 395719
1252 3732 455789
2093 3733 262079
2497 3734 228674
2954 3735 403161
1926 3736 45568
782 3737 335370
2759 3738 848234
1739 3739 700803
2555 3740 380252
3164 3741 309650
2077 3742 487354
753 3743 14868
955 3744 9007
2364 3745 335370
314 3746 455789
3124 3747 15881
2634 3748 577858
3240 3749 15881
21 3750 43639
3579 3751 204315
663 3752 91486
1511 3753 577858
386 3754 228674
2373 3755 25339
718 3756 25339
592 3757 848234
1730 3758 700803
2340 3759 649461
3441 3760 309650
3460 3761 848921
3112 3762 66482
2107 3763 395719
2192 3764 66482
2793 3765 14868
91 3766 292466
3433 3767 848234
1432 3768 455789
922 3769 619394
3714 3770 885204
3372 3771 234426
2430 3772 335370
1067 3773 309650
2268 3774 816898
276 3775 921261
3616 3776 204315
3627 3777 577858
3184 3778 45568
1430 3779 234426
2160 3780 244287
3647 3781 455789
1759 3782 25339
3119 3783 619394
577 3784 848234
815 3785 292466
69 3786 816898
449 3787 262079
1850 3788 380252
2912 3789 15881
1330 3790 577858
1123 3791 602514
3743 3792 558803
2744 3793 461789
3408 3794 335370
139 3795 912718
2438 3796 25339
1104 3797 649461
1933 3798 816898
680 3799 234426
3606 3800 700803
3251 3801 66482
1508 3802 885204
228 3803 816898
861 3804 619394
3562 3805 848921
133 3806 865981
3535 3807 577385
45 3808 619394
2710 3809 234426
2621 3810 126952
497 3811 66482
280 3812 244287
1628 3813 848921
1667 3814 371117
1348 3815 228674
2759 3816 558803
1255 3817 310414
2514 3818 45568
341 3819 292466
2250 3820 848921
3172 3821 45568
2337 3822 262079
3748 3823 371117
3389 3824 45568
2622 3825 234426
1824 3826 204315
3148 3827 395719
612 3828 912718
1592 3829 816898
237 3830 487354
719 3831 461789
1283 3832 244287
2722 3833 487354
2433 3834 395719
2463 3835 126952
2104 3836 14868
1298 3837 14868
190 3838 126952
3538 3839 403161
1139 3840 455789
1896 3841 577385
1095 3842 865981
1275 3843 700803
3379 3844 309650
1519 3845 66482
76 3846 816898
520 3847 15881
2006 3848 126952
1125 3849 619394
3645 3850 848234
3498 3851 25339
3073 3852 309650
929 3853 126952
1222 3854 848234
1021 3855 848234
569 3856 9007
2282 3857 619394
2773 3858 921261
1531 3859 487354
3253 3860 234426
340 3861 14868
1163 3862 262079
352 3863 700803
932 3864 292466
1684 3865 577858
2576 3866 292466
1843 3867 403161
3226 3868 309650
2588 3869 461789
495 3870 292466
2982 3871 91486
3625 3872 602514
450 3873 204315
1941 3874 403161
2980 3875 126952
3324 3876 619394
3655 3877 9007
3807 3878 244287
2100 3879 736619
271 3880 577858
3855 3881 455789
1892 3882 25339
3332 3883 14868
1279 3884 234426
3877 3885 335370
3139 3886 15881
3839 3887 403161
1030 3888 310414
760 3889 66482
2826 3890 204315
684 3891 577858
3531 3892 262079
3585 3893 649461
2607 3894 9007
1060 3895 234426
932 3896 487354
2242 3897 234426
2563 3898 371117
2650 3899 14868
805 3900 371117
1377 3901 25339
2144 3902 14868
1317 3903 292466
325 3904 14868
1209 3905 25339
2064 3906 371117
3081 3907 649461
1147 3908 45568
2377 3909 700803
2571 3910 395719
1266 3911 228674
422 3912 558803
3729 3913 395719
747 3914 15881
3799 3915 309650
3028 3916 66482
2187 3917 262079
493 3918 602514
2279 3919 244287
1694 3920 91486
1351 3921 43639
1273 3922 577385
1728 3923 9007
460 3924 921261
725 3925 921261
1040 3926 204315
3453 3927 309650
612 3928 487354
1858 3929 66482
3449 3930 461789
1151 3931 204315
2555 3932 45568
3630 3933 380252
3716 3934 45568
3567 3935 577385
634 3936 700803
1636 3937 292466
1974 3938 736619
672 3939 885204
3549 3940 262079
2540 3941 885204
3292 3942 45568
2931 3943 885204
3348 3944 66482
2250 3945 262079
1944 3946 126952
523 3947 865981
631 3948 234426
2206 3949 816898
3096 3950 25339
2905 3951 244287
3397 3952 45568
2121 3953 455789
1662 3954 921261
3739 3955 228674
2974 3956 736619
1137 3957 577858
1675 3958 921261
2139 3959 204315
312 3960 649461
752 3961 371117
1054 3962 736619
3067 3963 455789
2742 3964 736619
573 3965 310414
2792 3966 234426
1888 3967 700803
2310 3968 921261
3600 3969 335370
2961 3970 577858
1494 3971 619394
3486 3972 262079
3052 3973 126952
2014 3974 244287
2250 3975 487354
3235 3976 487354
3566 3977 91486
3169 3978 234426
2675 3979 228674
3061 3980 310414
1067 3981 912718
1401 3982 204315
1669 3983 921261
3109 3984 309650
1819 3985 403161
2066 3986 848921
1080 3987 649461
740 3988 912718
113 3989 234426
1303 3990 126952
1066 3991 649461
3497 3992 865981
2881 3993 25339
507 3994 461789
3710 3995 43639
549 3996 126952
1560 3997 91486
1044 3998 848921
3275 3999 700803
334 4000 380252
538 4001 577858
2990 4002 700803
3506 4003 9007
1501 4004 43639
1314 4005 395719
441 4006 380252
1230 4007 66482
336 4008 848921
1659 4009 403161
3279 4010 602514
1454 4011 91486
682 4012 577858
1458 4013 45568
3714 4014 461789
3963 4015 25339
177 4016 912718
2114 4017 487354
3838 4018 395719
3740 4019 736619
3523 4020 292466
3791 4021 244287
1834 4022 403161
917 4023 66482
405 4024 66482
67 4025 310414
931 4026 244287
2820 4027 736619
2695 4028 577858
3435 4029 126952
3419 4030 43639
3601 4031 14868
2658 4032 43639
2531 4033 558803
234 4034 649461
592 4035 380252
921 4036 262079
3559 4037 262079
56 4038 380252
758 4039 848921
642 4040 848921
2179 4041 736619
797 4042 487354
2552 4043 15881
3325 4044 14868
3161 4045 577858
314 4046 380252
538 4047 461789
207 4048 43639
1498 4049 335370
88 4050 15881
2647 4051 228674
2669 4052 292466
3507 4053 395719
3737 4054 91486
3961 4055 736619
4026 4056 487354
2582 4057 455789
1075 4058 310414
2656 4059 43639
2711 4060 558803
3865 4061 487354
1572 4062 371117
2761 4063 15881
1124 4064 380252
1341 4065 558803
2985 4066 921261
3623 4067 66482
2267 4068 619394
3212 4069 577385
1607 4070 126952
4017 4071 309650
109 4072 558803
17 4073 455789
2283 4074 403161
2940 4075 91486
434 4076 602514
3257 4077 848921
3541 4078 461789
3049 4079 700803
3452 4080 262079
2134 4081 403161
2294 4082 403161
234 4083 816898
1642 4084 577858
1623 4085 292466
837 4086 380252
1752 4087 577385
806 4088 558803
221 4089 395719
475 4090 602514
374 4091 310414
3231 4092 619394
2337 4093 126952
4028 4094 700803
1001 4095 885204
78 4096 66482
499 4097 380252
60 4098 25339
3637 4099 700803
4094 4100 865981
1869 4101 126952
347 4102 45568
3675 4103 816898
122 4104 66482
2748 4105 66482
547 4106 43639
556 4107 455789
2428 4108 558803
2556 4109 558803
450 4110 310414
3483 4111 577858
2225 4112 602514
2277 4113 244287
731 4114 921261
3272 4115 15881
313 4116 455789
3742 4117 228674
593 4118 816898
2154 4119 816898
4007 4120 262079
320 4121 309650
1769 4122 912718
4120 4123 309650
3317 4124 885204
2611 4125 816898
3313 4126 395719
1310 4127 126952
1439 4128 234426
1846 4129 371117
1253 4130 912718
3232 4131 309650
2777 4132 558803
2585 4133 395719
1106 4134 865981
735 4135 9007
328 4136 487354
3541 4137 335370
464 4138 14868
989 4139 228674
3572 4140 244287
3788 4141 66482
3279 4142 461789
2707 4143 15881
3934 4144 380252
2098 4145 91486
1747 4146 15881
291 4147 310414
1310 4148 43639
3649 4149 455789
2136 4150 558803
3309 4151 91486
3324 4152 66482
2189 4153 66482
406 4154 700803
1183 4155 619394
893 4156 487354
1368 4157 15881
2914 4158 380252
349 4159 309650
3967 4160 9007
1261 4161 45568
288 4162 577858
3694 4163 126952
1720 4164 921261
3096 4165 602514
1539 4166 45568
2790 4167 487354
2408 4168 14868
3757 4169 461789
899 4170 14868
3342 4171 558803
546 4172 577858
3965 4173 9007
3793 4174 487354
1813 4175 228674
496 4176 9007
679 4177 816898
1761 4178 577385
692 4179 816898
1083 4180 700803
3516 4181 204315
4130 4182 461789
806 4183 9007
1048 4184 14868
2465 4185 602514
603 4186 848921
4059 4187 204315
1181 4188 91486
2952 4189 66482
3689 4190 577385
281 4191 228674
1492 4192 244287
3924 4193 577858
1847 4194 66482
3033 4195 9007
465 4196 335370
3992 4197 14868
968 4198 228674
2280 4199 577858
2455 4200 848234
272 4201 700803
940 4202 228674
2247 4203 700803
1648 4204 262079
349 4205 577385
2353 4206 558803
3443 4207 9007
753 4208 371117
3161 4209 558803
1708 4210 335370
3502 4211 25339
3244 4212 602514
4160 4213 816898
2241 4214 335370
2466 4215 262079
1631 4216 228674
4078 4217 43639
3328 4218 292466
4117 4219 244287
1229 4220 461789
3899 4221 403161
1991 4222 380252
3946 4223 228674
1915 4224 126952
776 4225 371117
3296 4226 43639
1148 4227 14868
916 4228 619394
870 4229 45568
2474 4230 816898
3513 4231 14868
3531 4232 736619
1577 4233 865981
2551 4234 816898
4022 4235 403161
673 4236 14868
3885 4237 310414
1417 4238 885204
518 4239 602514
4207 4240 310414
4164 4241 403161
2245 4242 91486
1838 4243 14868
1635 4244 9007
2582 4245 15881
2210 4246 736619
1327 4247 228674
377 4248 371117
2382 4249 885204
50 4250 403161
3002 4251 14868
1849 4252 403161
1403 4253 395719
335 4254 558803
3840 4255 395719
2522 4256 309650
3324 4257 602514
3271 4258 310414
3678 4259 371117
3460 4260 619394
3443 4261 649461
3724 4262 45568
2532 4263 885204
3307 4264 487354
2002 4265 700803
560 4266 736619
4246 4267 577858
586 4268 912718
3905 4269 9007
1647 4270 619394
647 4271 921261
3622 4272 885204
3883 4273 309650
1608 4274 921261
656 4275 234426
3773 4276 292466
2390 4277 244287
2045 4278 25339
3621 4279 649461
1229 4280 66482
3788 4281 865981
2639 4282 204315
2975 4283 45568
3389 4284 455789
491 4285 244287
1813 4286 45568
55 4287 25339
2098 4288 25339
421 4289 619394
618 4290 455789
3789 4291 66482
1788 4292 816898
2165 4293 885204
743 4294 487354
2795 4295 577858
3737 4296 14868
448 4297 204315
2721 4298 558803
3604 4299 912718
3274 4300 335370
2816 4301 126952
4188 4302 700803
3202 4303 380252
666 4304 234426
3231 4305 45568
1103 4306 487354
1020 4307 736619
1857 4308 403161
2175 4309 558803
3387 4310 736619
3170 4311 848234
3142 4312 15881
3467 4313 126952
2750 4314 14868
1077 4315 461789
195 4316 816898
1591 4317 455789
3874 4318 262079
2640 4319 9007
841 4320 885204
10 4321 234426
3642 4322 25339
2133 4323 487354
1911 4324 43639
3727 4325 91486
4204 4326 244287
2823 4327 865981
2056 4328 45568
1241 4329 700803
3052 4330 602514
89 4331 403161
120 4332 395719
2602 4333 885204
732 4334 848234
170 4335 885204
557 4336 15881
1620 4337 91486
1126 4338 15881
1330 4339 292466
4173 4340 403161
676 4341 371117
4051 4342 649461
2459 4343 309650
3818 4344 262079
3609 4345 403161
797 4346 848921
2447 4347 487354
2133 4348 15881
2802 4349 577385
2348 4350 91486
1747 4351 310414
4156 4352 395719
240 4353 204315
620 4354 455789
455 4355 15881
3275 4356 25339
2839 4357 371117
4095 4358 577858
1746 4359 885204
2545 4360 848234
2200 4361 380252
1262 4362 602514
1280 4363 912718
4058 4364 912718
114 4365 335370
4163 4366 461789
3118 4367 848234
931 4368 45568
1764 4369 15881
4106 4370 921261
4029 4371 310414
1522 4372 309650
3156 4373 395719
3980 4374 335370
3539 4375 403161
3695 4376 848234
1360 4377 126952
1418 4378 25339
940 4379 126952
1923 4380 700803
1098 4381 885204
3489 4382 204315
1828 4383 126952
5 4384 461789
3299 4385 619394
397 4386 45568
1499 4387 66482
1073 4388 577858
1047 4389 91486
808 4390 848234
4208 4391 234426
3684 4392 15881
4327 4393 921261
765 4394 234426
2070 4395 700803
2214 4396 487354
1283 4397 234426
3899 4398 700803
2510 4399 461789
621 4400 403161
4177 4401 335370
3899 4402 602514
787 4403 912718
858 4404 9007
1466 4405 15881
517 4406 43639
4150 4407 310414
990 4408 700803
576 4409 736619
533 4410 244287
1613 4411 204315
956 4412 461789
3912 4413 91486
2893 4414 91486
1317 4415 25339
1974 4416 921261
974 4417 455789
235 4418 371117
1194 4419 380252
1523 4420 66482
2230 4421 921261
2520 4422 335370
4279 4423 602514
1429 4424 487354
1967 4425 335370
3499 4426 848234
3335 4427 43639
2606 4428 736619
988 4429 649461
3225 4430 66482
4061 4431 9007
911 4432 292466
556 4433 865981
738 4434 66482
2815 4435 228674
549 4436 461789
2250 4437 395719
2466 4438 602514
4220 4439 848234
4150 4440 455789
1941 4441 43639
3803 4442 15881
1258 4443 619394
2049 4444 14868
1757 4445 380252
4412 4446 602514
1735 4447 309650
2772 4448 865981
1313 4449 736619
3208 4450 262079
1272 4451 816898
33 4452 395719
755 4453 700803
4084 4454 45568
1985 4455 461789
2442 4456 885204
2893 4457 395719
1323 4458 649461
3978 4459 371117
406 4460 577385
1029 4461 309650
2586 4462 487354
4098 4463 649461
1508 4464 736619
2886 4465 848921
2839 4466 848921
1364 4467 816898
3244 4468 25339
1550 4469 619394
4345 4470 25339
515 4471 380252
3702 4472 848921
4149 4473 43639
1218 4474 14868
872 4475 204315
2181 4476 577858
214 4477 848921
862 4478 204315
3001 4479 244287
3076 4480 395719
1612 4481 921261
1636 4482 380252
70 4483 736619
3391 4484 292466
817 4485 577385
2296 4486 921261
4037 4487 912718
2347 4488 848234
572 4489 395719
3019 4490 234426
531 4491 43639
3571 4492 228674
2939 4493 228674
1887 4494 228674
2152 4495 577858
1400 4496 403161
1264 4497 736619
2617 4498 649461
2588 4499 577858
846 4500 577858
3867 4501 912718
1896 4502 310414
2145 4503 619394
628 4504 403161
1446 4505 14868
2472 4506 700803
3460 4507 577385
907 4508 848234
2890 4509 262079
1006 4510 228674
3589 4511 577858
2538 4512 292466
3306 4513 14868
4471 4514 395719
2360 4515 848921
3651 4516 649461
523 4517 848921
3111 4518 14868
3001 4519 66482
617 4520 14868
2709 4521 335370
887 4522 487354
2503 4523 619394
3901 4524 262079
2597 4525 816898
3346 4526 649461
3267 4527 619394
449 4528 14868
4413 4529 45568
1741 4530 487354
2889 4531 91486
2412 4532 91486
203 4533 885204
3368 4534 309650
1866 4535 43639
2775 4536 335370
696 4537 310414
3451 4538 848234
1338 4539 736619
1147 4540 816898
505 4541 9007
1778 4542 649461
1150 4543 619394
1244 4544 310414
4186 4545 204315
1435 4546 736619
3890 4547 335370
4461 4548 455789
1593 4549 848234
2650 4550 244287
818 4551 912718
3290 4552 292466
2209 4553 204315
2306 4554 865981
1068 4555 885204
1983 4556 848234
3643 4557 921261
3688 4558 865981
2424 4559 204315
443 4560 848234
798 4561 66482
4325 4562 380252
2984 4563 244287
1587 4564 885204
271 4565 335370
3702 4566 865981
548 4567 25339
2941 4568 461789
3109 4569 649461
2910 4570 619394
195 4571 602514
4301 4572 848234
134 4573 380252
1240 4574 455789
4069 4575 43639
3786 4576 43639
419 4577 619394
747 4578 9007
2202 4579 234426
361 4580 885204
2423 4581 66482
3364 4582 25339
3984 4583 865981
2990 4584 487354
3667 4585 234426
3422 4586 244287
2879 4587 558803
2056 4588 921261
3770 4589 487354
3132 4590 9007
1972 4591 816898
3418 4592 885204
1331 4593 558803
4523 4594 244287
1121 4595 461789
3911 4596 700803
1395 4597 335370
1898 4598 558803
2403 4599 204315
2706 4600 577385
934 4601 816898
3247 4602 602514
2594 4603 865981
1446 4604 461789
2826 4605 91486
2864 4606 310414
1064 4607 619394
2218 4608 262079
3196 4609 15881
2890 4610 912718
261 4611 848921
1688 4612 921261
1211 4613 234426
3084 4614 403161
2240 4615 45568
3352 4616 865981
3656 4617 649461
3595 4618 234426
1341 4619 91486
2865 4620 619394
1895 4621 204315
1454 4622 204315
591 4623 619394
4096 4624 395719
1068 4625 14868
2691 4626 9007
2096 4627 310414
647 4628 380252
1825 4629 244287
3928 4630 228674
719 4631 403161
4501 4632 816898
1674 4633 848921
3660 4634 700803
259 4635 700803
1736 4636 262079
1713 4637 292466
1736 4638 736619
4087 4639 262079
2297 4640 309650
1749 4641 234426
977 4642 816898
3749 4643 25339
629 4644 912718
604 4645 45568
1203 4646 558803
2301 4647 848234
2902 4648 380252
2638 4649 848234
3522 4650 912718
1971 4651 380252
1325 4652 619394
3954 4653 558803
971 4654 204315
4104 4655 45568
192 4656 43639
113 4657 262079
1726 4658 577385
191 4659 9007
2924 4660 91486
184 4661 848921
2234 4662 577858
1232 4663 865981
3252 4664 921261
1904 4665 228674
1992 4666 91486
1661 4667 736619
4494 4668 577858
3703 4669 15881
2284 4670 736619
3901 4671 558803
542 4672 558803
1233 4673 848921
2694 4674 292466
3463 4675 14868
4023 4676 9007
223 4677 455789
2270 4678 577385
2217 4679 487354
4228 4680 43639
3889 4681 558803
3413 4682 487354
1108 4683 577385
2009 4684 244287
632 4685 91486
557 4686 380252
932 4687 577858
382 4688 371117
2448 4689 649461
1315 4690 14868
3558 4691 371117
2327 4692 558803
3236 4693 262079
1083 4694 9007
2178 4695 921261
2697 4696 700803
3616 4697 395719
4365 4698 736619
1681 4699 865981
3972 4700 309650
1896 4701 865981
463 4702 487354
2610 4703 577385
1723 4704 885204
4216 4705 25339
1736 4706 577385
1030 4707 865981
936 4708 848921
1719 4709 403161
341 4710 649461
1993 4711 25339
3586 4712 816898
4289 4713 309650
3151 4714 395719
2200 4715 848234
2436 4716 577858
2915 4717 126952
1258 4718 204315
3029 4719 15881
3643 4720 234426
3185 4721 14868
3835 4722 848234
77 4723 9007
4315 4724 9007
3812 4725 234426
3491 4726 371117
4474 4727 577385
712 4728 577385
4078 4729 395719
902 4730 577858
296 4731 9007
3906 4732 310414
2066 4733 234426
3470 4734 921261
2632 4735 912718
1837 4736 700803
1809 4737 371117
1639 4738 649461
62 4739 335370
594 4740 885204
2551 4741 403161
2270 4742 577858
1180 4743 649461
3081 4744 558803
1827 4745 66482
4248 4746 577385
3299 4747 43639
1823 4748 848921
2555 4749 66482
4189 4750 335370
2521 4751 816898
270 4752 865981
3586 4753 395719
3492 4754 848921
1966 4755 262079
4044 4756 43639
3389 4757 292466
3428 4758 25339
4324 4759 816898
3791 4760 262079
3077 4761 403161
3253 4762 865981
1040 4763 816898
3954 4764 558803
626 4765 700803
3278 4766 700803
2972 4767 204315
3829 4768 15881
3664 4769 577858
4019 4770 25339
3166 4771 15881
3284 4772 204315
2429 4773 602514
1578 4774 816898
547 4775 736619
3081 4776 649461
242 4777 15881
2902 4778 309650
2191 4779 558803
4652 4780 455789
2942 4781 577858
2539 4782 371117
285 4783 244287
3531 4784 700803
70 4785 310414
4387 4786 816898
1819 4787 848234
645 4788 14868
3528 4789 335370
2948 4790 9007
4669 4791 700803
3681 4792 43639
469 4793 848921
1360 4794 371117
3176 4795 577385
1994 4796 310414
174 4797 816898
3378 4798 619394
3910 4799 816898
2583 4800 619394
494 4801 335370
539 4802 619394
1291 4803 244287
1393 4804 865981
1837 4805 335370
4604 4806 9007
2150 4807 885204
497 4808 403161
1626 4809 455789
3100 4810 14868
2718 4811 461789
3009 4812 91486
4637 4813 912718
4037 4814 865981
36 4815 309650
3628 4816 43639
2324 4817 371117
3736 4818 700803
3891 4819 292466
2252 4820 848234
524 4821 619394
923 4822 25339
3 4823 228674
1446 4824 244287
4576 4825 66482
1072 4826 558803
524 4827 9007
1202 4828 309650
90 4829 558803
3254 4830 9007
4471 4831 602514
2622 4832 292466
2717 4833 649461
66 4834 848921
2161 4835 602514
3117 4836 736619
2020 4837 244287
2661 4838 602514
1178 4839 234426
469 4840 487354
3226 4841 380252
2149 4842 45568
3002 4843 380252
3722 4844 921261
1579 4845 865981
882 4846 126952
3142 4847 455789
4068 4848 577858
2665 4849 228674
3510 4850 558803
1503 4851 15881
1671 4852 816898
3726 4853 403161
4438 4854 45568
4564 4855 649461
2219 4856 848921
3298 4857 335370
1731 4858 25339
2705 4859 885204
2587 4860 292466
3474 4861 577385
308 4862 15881
2506 4863 649461
4181 4864 649461
1019 4865 234426
1606 4866 395719
4862 4867 395719
862 4868 371117
327 4869 371117
712 4870 577858
588 4871 577385
4436 4872 244287
2823 4873 292466
355 4874 912718
319 4875 558803
535 4876 228674
101 4877 461789
839 4878 310414
4147 4879 736619
27 4880 9007
374 4881 228674
1049 4882 234426
3315 4883 335370
4520 4884 865981
3819 4885 403161
2167 4886 126952
684 4887 126952
784 4888 310414
1844 4889 912718
2537 4890 865981
1766 4891 558803
1440 4892 461789
3599 4893 45568
2098 4894 865981
65 4895 816898
2534 4896 292466
3572 4897 912718
3632 4898 577385
4361 4899 912718
105 4900 234426
3301 4901 487354
1783 4902 66482
1116 4903 262079
2900 4904 461789
4597 4905 309650
2976 4906 204315
3808 4907 461789
2168 4908 885204
2958 4909 455789
785 4910 126952
2462 4911 335370
3526 4912 577385
4169 4913 455789
3891 4914 558803
584 4915 228674
1856 4916 487354
193 4917 885204
1348 4918 736619
2953 4919 43639
4403 4920 865981
2434 4921 310414
2924 4922 602514
487 4923 736619
1891 4924 885204
4385 4925 45568
1298 4926 848234
2704 4927 848921
252 4928 309650
96 4929 9007
4060 4930 487354
382 4931 558803
200 4932 736619
237 4933 204315
1082 4934 577385
1023 4935 455789
828 4936 848921
332 4937 649461
351 4938 912718
4273 4939 204315
1417 4940 577858
1583 4941 736619
763 4942 9007
1945 4943 577385
4602 4944 204315
2751 4945 461789
3160 4946 204315
108 4947 455789
50 4948 558803
4624 4949 912718
3892 4950 228674
2389 4951 228674
3063 4952 91486
3317 4953 66482
2646 4954 126952
1920 4955 9007
718 4956 14868
2662 4957 395719
191 4958 577858
2962 4959 395719
1547 4960 309650
2619 4961 558803
174 4962 380252
2181 4963 455789
924 4964 204315
3081 4965 9007
2150 4966 865981
4108 4967 736619
1277 4968 619394
1162 4969 487354
2111 4970 45568
514 4971 15881
1196 4972 15881
1528 4973 912718
2058 4974 14868
1051 4975 921261
387 4976 228674
3752 4977 885204
2617 4978 577385
1110 4979 736619
4090 4980 204315
1516 4981 292466
494 4982 577385
3163 4983 921261
2075 4984 921261
3032 4985 309650
4438 4986 487354
2572 4987 43639
890 4988 126952
2390 4989 380252
3947 4990 865981
17 4991 234426
2324 4992 335370
3472 4993 885204
2933 4994 310414
3302 4995 816898
3036 4996 455789
2022 4997 66482
3935 4998 848921
4687 4999 403161
1709 5000 461789
