50 68
1 43
2 6
3 24
4 31
5 3
6 14
7 13
8 47
9 39
10 12
11 33
12 46
13 14
14 9
15 34
16 49
17 25
18 32
19 6
20 23
21 1
22 2
23 23
24 28
25 37
26 3
27 34
28 17
29 24
30 9
31 42
32 29
33 31
34 33
35 17
36 49
37 50
38 23
39 25
40 3
41 20
42 4
43 30
44 34
45 22
46 4
47 8
48 12
49 7
50 34
8 5
27 10
20 11
44 15
14 16
36 18
23 19
15 21
23 26
19 27
3 35
7 36
4 38
4 40
13 41
19 44
23 45
4 48
50 66
1 41
2 39
3 10
4 27
5 44
6 47
7 40
8 41
9 15
10 37
11 17
12 41
13 48
14 10
15 7
16 14
17 8
18 10
19 19
20 36
21 2
22 48
23 23
24 17
25 29
26 2
27 35
28 21
29 45
30 18
31 30
32 11
33 30
34 27
35 38
36 31
37 36
38 42
39 49
40 37
41 21
42 18
43 4
44 3
45 43
46 28
47 9
48 14
49 8
50 44
43 1
42 5
6 6
3 12
15 13
35 16
12 20
41 22
20 24
21 25
39 26
41 32
25 33
35 34
17 46
14 50
50 100
21 39
43 17
46 21
14 48
37 3
20 6
33 39
14 42
41 1
39 28
29 40
20 3
2 31
48 49
36 27
6 30
49 25
5 27
35 11
25 31
23 7
26 34
28 26
6 21
18 43
30 44
31 31
25 40
35 18
22 30
27 16
6 34
44 39
19 8
35 22
10 30
15 47
21 11
37 30
42 22
49 29
8 12
16 25
22 23
28 13
14 43
35 21
27 16
23 9
38 39
22 29
46 42
43 44
19 49
32 9
31 1
26 41
47 3
7 26
35 36
50 25
15 30
45 17
34 8
30 33
23 10
40 11
13 45
49 21
37 38
48 14
29 4
10 35
24 24
28 6
41 20
16 23
6 31
4 19
33 39
1 22
9 7
39 18
8 47
36 12
12 15
38 2
2 46
18 13
11 50
20 37
5 32
44 27
27 16
17 40
42 5
3 43
14 34
21 48
25 28
50 100
37 44
32 44
21 42
28 7
24 44
28 44
39 40
30 25
26 26
18 22
1 37
32 37
46 29
43 36
48 27
33 45
31 11
47 14
26 25
14 38
14 36
17 36
19 15
42 15
21 7
2 40
47 17
6 21
23 6
13 23
39 45
4 43
42 48
4 23
25 5
3 17
16 31
24 27
17 3
45 42
1 20
8 48
12 17
23 21
18 26
47 9
39 7
43 50
40 38
49 18
19 26
50 43
12 35
28 24
40 25
41 36
5 40
48 21
10 30
30 42
46 45
35 13
8 48
47 16
14 47
15 14
44 3
23 33
26 18
31 2
9 10
22 22
33 37
32 34
38 27
18 23
1 19
24 32
39 11
42 49
2 50
34 17
37 20
17 44
13 8
7 5
20 31
27 1
11 46
25 38
36 7
49 4
6 41
3 12
29 39
45 29
16 15
21 9
4 28
43 6
50 69
1 28
2 4
3 40
4 15
5 44
6 30
7 38
8 12
9 35
10 17
11 47
12 16
13 33
14 45
15 38
16 25
17 25
18 43
19 25
20 35
21 4
22 10
23 46
24 36
25 50
26 24
27 20
28 24
29 49
30 49
31 8
32 8
33 16
34 32
35 32
36 25
37 17
38 4
39 19
40 18
41 21
42 9
43 35
44 32
45 17
46 50
47 7
48 11
49 36
50 16
19 1
44 2
9 3
3 5
39 6
5 13
23 14
30 22
3 23
47 26
15 27
23 29
48 31
21 34
5 37
10 39
34 41
46 42
4 48
