50 60 1000
1 2 862
2 3 642
1 4 334
2 5 432
5 6 997
6 7 288
5 8 485
3 9 811
4 10 857
7 11 272
7 12 474
7 13 193
7 14 379
5 15 668
8 16 436
1 17 291
10 18 315
18 19 573
3 20 374
20 21 763
5 22 282
20 23 539
23 24 71
15 25 824
1 26 162
7 27 1
19 28 442
24 29 574
22 30 340
19 31 678
2 32 887
4 33 867
23 34 696
4 35 236
35 36 871
28 37 34
34 38 568
5 39 260
15 40 899
26 41 275
33 42 876
22 43 62
42 44 60
41 45 760
28 46 966
6 47 773
33 48 131
7 49 384
22 50 71
30 13 416
49 33 335
14 8 471
12 8 712
32 46 419
11 40 755
43 7 223
15 22 488
9 22 897
14 17 663
36 17 983
17 27 2
33 36 37
42 33 44
36 39 2
41 35 20
16 8 4
4 35 9
33 46 11
43 15 49
49 43 50
19 5 36
30 25 40
37 49 9
47 31 41
4 11 5
8 47 6
47 27 3
15 4 11
38 28 20
47 28 30
31 29 14
39 26 2
25 28 44
40 32 49
3 34 15
41 13 30
32 33 9
40 43 1
2 46 14
48 21 40
16 29 11
15 42 36
9 48 46
22 10 5
49 3 13
10 36 12
4 43 47
20 15 7
26 30 5
36 3 49
2 42 5
26 2 36
7 1 37
15 46 48
34 11 21
9 30 18
50 24 5
8 41 7
50 40 18
24 9 44
25 29 13
13 43 38
45 26 35
45 39 27
16 9 13
23 29 33
27 29 38
25 11 28
25 13 39
11 14 4
15 45 8
49 24 42
43 35 25
6 16 46
49 26 45
31 15 36
49 22 28
33 38 28
18 13 40
17 32 16
33 50 30
33 49 38
19 44 18
7 29 11
33 13 15
43 38 18
8 42 31
44 10 29
26 8 41
27 28 44
32 13 22
19 20 43
27 39 29
50 32 35
32 46 8
16 33 49
22 1 43
39 17 12
22 45 29
33 32 20
2 29 21
50 43 48
21 3 23
50 43 17
47 43 16
44 18 28
36 27 14
4 13 21
21 19 11
46 48 47
50 12 43
34 47 36
28 11 41
33 7 49
19 32 7
24 34 19
9 40 17
20 47 39
9 44 19
40 12 16
43 15 40
5 6 20
10 46 17
44 1 13
22 30 14
12 20 41
40 19 35
27 38 35
33 44 4
12 19 9
30 50 25
7 11 10
32 43 10
23 44 29
16 5 4
36 39 13
29 16 30
49 28 22
30 38 17
31 34 42
13 37 28
11 16 1
38 5 18
2 41 15
36 1 6
41 4 16
46 48 19
14 29 12
6 37 25
14 9 22
46 32 10
49 21 26
21 29 25
27 37 16
21 25 9
35 11 26
49 19 22
12 21 29
3 38 29
31 44 20
8 45 33
15 36 34
22 16 34
50 32 28
39 41 16
17 48 50
41 37 30
3 38 26
22 5 39
17 20 22
42 41 10
48 14 18
34 31 22
29 21 41
9 48 25
14 26 19
31 19 4
6 21 4
32 37 40
34 36 16
40 26 46
39 43 38
3 33 39
17 10 12
37 35 32
1 27 38
5 16 46
7 49 25
44 48 49
30 4 37
20 50 15
46 45 37
44 32 4
40 33 39
34 10 36
12 50 42
2 26 44
40 32 43
3 48 32
24 8 2
25 8 2
49 26 35
21 50 1
7 15 11
9 24 46
37 30 14
17 4 41
37 23 50
17 9 22
14 21 11
37 40 31
19 49 33
2 37 42
30 18 34
26 50 4
13 40 33
40 20 42
9 16 24
20 30 40
2 26 18
47 41 36
39 16 2
25 37 4
26 5 45
2 43 46
6 24 4
40 49 41
31 34 29
37 46 39
44 34 46
9 26 2
49 18 24
28 15 16
48 6 46
1 49 41
26 6 46
19 21 23
35 46 33
14 21 3
33 25 24
48 37 15
37 17 14
3 46 34
25 38 8
18 36 2
36 2 41
32 48 37
24 39 38
3 50 35
28 47 32
49 39 26
5 28 24
24 28 1
40 20 5
24 35 7
13 48 5
49 4 46
29 5 48
10 46 7
8 3 50
32 48 30
26 15 32
2 31 38
36 49 11
28 25 2
28 15 1
32 42 10
21 24 43
45 27 34
45 3 21
7 45 10
36 50 19
16 36 41
36 35 34
48 29 50
38 49 24
5 6 29
24 34 44
13 31 17
15 33 4
19 48 24
32 39 46
43 11 32
5 31 1
28 21 46
21 4 28
49 34 5
27 29 22
33 37 31
17 30 6
31 33 18
34 2 46
34 49 9
26 1 50
27 41 8
12 39 31
43 35 29
4 44 12
1 8 48
43 13 3
43 42 14
42 10 31
1 26 10
9 26 14
25 31 21
37 19 49
49 21 48
45 20 15
9 19 26
29 47 41
39 40 8
10 6 26
21 45 39
2 5 14
27 33 18
50 10 13
20 18 49
7 16 20
38 29 42
50 2 49
43 30 48
44 27 14
5 22 40
34 27 11
22 23 11
19 29 1
15 31 45
17 31 24
17 15 22
22 11 27
39 37 50
29 46 38
5 11 25
30 23 49
46 25 32
20 38 14
42 22 39
25 34 24
19 38 41
40 33 1
26 5 10
43 10 11
8 16 34
8 34 19
37 17 46
22 21 43
20 43 45
13 33 17
40 36 48
9 18 19
17 35 40
12 23 15
41 10 49
41 3 2
28 6 22
27 35 39
22 48 50
10 30 46
29 35 49
49 16 44
7 5 35
10 33 46
41 34 25
34 1 29
44 49 29
16 13 10
31 7 32
11 4 40
23 43 24
11 5 42
4 43 39
34 37 41
50 40 20
16 36 47
17 11 12
18 39 9
46 37 49
2 34 14
35 45 8
42 46 36
33 28 23
28 12 10
25 19 18
22 31 26
30 40 6
22 12 31
36 21 25
16 10 12
17 27 6
20 45 47
39 20 32
21 6 22
24 10 16
28 21 27
5 33 22
17 8 49
45 1 37
17 6 21
42 3 33
31 10 20
38 14 16
21 7 2
31 36 39
4 14 50
10 14 32
39 26 23
11 23 19
5 30 38
27 36 41
13 37 10
10 35 37
34 4 20
20 13 39
25 10 30
50 22 26
20 42 33
17 15 45
30 15 36
13 41 49
41 13 18
9 41 30
21 28 33
49 47 10
14 23 13
30 8 40
29 27 7
31 45 41
29 12 25
16 48 36
37 39 47
47 27 39
48 14 13
10 44 27
31 36 47
7 48 18
44 12 7
25 11 20
2 23 43
11 41 18
40 9 23
33 34 9
37 11 33
4 47 40
20 31 10
14 1 43
30 48 39
5 39 14
49 44 35
8 40 28
28 24 44
3 30 49
4 20 7
47 49 44
8 35 10
10 48 27
2 9 50
19 42 12
41 24 28
1 25 17
36 5 39
27 15 46
40 45 24
15 14 43
48 4 12
23 20 24
15 32 31
43 11 17
13 24 19
26 15 23
29 45 8
1 42 16
15 26 48
44 36 23
9 30 25
34 28 41
17 32 11
3 18 32
28 41 22
26 1 21
34 2 48
50 20 42
39 14 29
13 44 22
29 38 4
17 1 5
2 48 34
7 3 6
43 47 4
23 44 11
21 44 38
41 21 37
27 19 13
4 28 7
23 31 2
19 47 21
12 32 6
19 42 39
21 19 25
28 5 29
38 26 48
12 11 6
32 1 25
12 49 9
48 18 21
35 40 47
41 44 4
40 43 25
26 12 16
46 30 31
47 25 10
47 50 29
26 50 3
7 21 28
43 26 32
2 44 42
39 26 36
5 50 10
5 16 21
21 35 46
12 32 49
22 30 21
48 32 44
4 38 23
45 15 48
48 10 41
45 11 3
14 9 29
40 17 42
8 27 19
14 20 45
9 5 49
47 33 48
49 10 2
40 23 10
3 2 33
23 5 41
38 7 23
24 12 41
32 37 23
40 29 10
15 7 26
49 18 20
16 32 9
43 10 40
10 17 39
45 41 10
19 33 38
22 34 8
15 16 26
38 47 35
36 5 26
18 14 37
40 13 31
24 47 3
36 22 12
3 26 10
43 46 16
47 5 35
32 45 24
10 39 14
22 49 43
30 31 27
32 21 25
1 33 27
47 43 24
42 39 21
42 13 49
32 49 30
34 24 28
50 35 4
44 8 31
15 40 26
44 12 10
32 22 30
32 42 23
34 5 11
2 23 15
18 1 2
25 7 15
9 43 10
13 14 3
37 23 34
34 11 13
34 2 12
10 43 45
41 39 18
12 16 40
11 48 4
34 28 50
42 12 15
50 1 38
7 40 31
3 6 7
22 15 18
1 34 47
5 48 17
18 5 19
22 23 3
17 6 41
11 44 46
17 47 15
48 5 15
29 20 36
41 9 5
36 29 24
14 44 30
34 50 47
18 46 30
45 31 5
22 19 10
18 13 16
9 18 44
6 20 40
21 1 6
2 28 13
5 28 17
49 14 31
8 46 23
37 40 8
37 6 1
46 23 3
39 12 40
3 38 24
8 35 5
22 3 43
33 22 31
45 13 25
46 16 25
47 24 22
22 37 14
6 28 33
5 16 50
12 6 21
5 45 10
34 30 11
43 28 9
11 3 38
27 37 25
48 16 29
36 12 35
24 15 4
16 32 2
9 3 44
24 7 17
28 27 10
20 17 7
35 50 10
35 32 29
22 27 6
48 34 22
45 23 9
19 45 50
28 17 44
9 49 6
2 15 8
39 3 11
48 15 26
46 9 18
41 40 46
36 15 34
34 26 27
48 6 22
33 1 40
44 6 21
35 32 42
29 16 41
40 31 30
1 16 49
44 14 22
14 33 20
1 48 16
20 9 28
20 28 4
2 27 5
23 38 32
14 43 21
43 2 35
15 7 34
34 45 49
23 48 19
24 21 50
13 29 26
46 27 33
22 3 2
39 3 14
7 1 16
40 9 42
6 33 14
48 18 41
17 7 13
50 29 48
26 43 25
48 16 9
12 8 38
3 22 21
10 37 3
12 40 41
13 47 34
50 13 16
32 24 11
2 26 12
2 16 31
28 25 49
45 31 24
50 7 14
9 45 38
25 43 40
2 28 42
28 25 37
19 27 44
39 30 29
13 47 9
34 42 5
49 2 5
8 4 6
18 45 22
23 8 20
26 36 30
9 15 10
20 11 5
40 11 7
7 2 39
48 9 47
34 39 23
44 45 9
3 25 40
19 49 38
37 1 49
25 28 21
22 21 7
38 16 18
41 5 38
39 40 29
23 12 11
5 47 6
44 27 30
28 10 47
15 4 36
32 41 22
28 40 16
32 29 42
41 37 35
11 43 33
36 14 37
23 50 43
12 34 43
44 31 8
4 49 32
21 50 17
40 32 22
47 41 2
17 16 33
27 39 38
42 14 32
29 18 4
31 5 12
46 22 38
22 2 1
44 49 18
11 38 20
41 44 1
12 11 26
22 4 27
40 22 24
38 31 15
49 16 42
41 11 25
22 28 34
31 47 39
24 6 46
26 10 47
35 9 50
29 18 46
6 9 15
28 30 40
8 22 33
21 9 28
6 11 32
34 5 12
35 4 15
4 1 25
14 6 3
28 20 49
11 5 2
22 33 30
13 20 2
12 37 14
50 34 47
3 28 7
43 33 2
7 42 10
32 5 22
25 34 50
8 24 41
22 14 16
35 9 12
31 34 35
41 37 36
9 26 45
43 17 31
21 39 26
1 9 48
42 30 2
50 22 36
11 45 10
49 34 44
17 41 24
34 36 18
2 22 9
28 10 42
42 9 17
31 21 2
24 6 17
41 44 2
15 23 7
1 14 28
42 33 49
36 42 32
10 16 21
42 31 3
49 30 8
42 33 4
36 31 34
22 30 28
1 45 37
44 31 30
4 7 43
15 9 2
39 36 48
7 3 49
28 47 21
36 2 20
6 49 33
1 34 40
36 33 38
15 2 32
32 36 10
11 35 26
30 26 13
46 36 40
40 28 23
12 22 38
44 29 20
26 14 44
10 15 41
46 27 48
27 30 25
46 23 42
21 4 44
10 35 46
31 47 21
46 26 44
40 27 33
8 38 15
4 13 12
7 17 39
37 1 32
47 4 30
2 41 17
6 29 48
36 39 49
22 16 15
22 16 26
28 3 38
4 13 22
24 22 47
18 2 29
43 18 25
3 32 45
47 2 28
37 45 46
22 5 25
32 34 11
50 2 12
50 48 25
29 36 40
12 42 37
47 25 22
7 30 9
50 35 15
34 2 47
41 14 34
50 12 43
33 47 3
34 27 36
24 34 48
24 23 26
34 33 9
7 8 41
49 29 16
48 19 34
37 30 5
47 49 25
1 44 8
20 29 39
17 9 38
41 30 4
46 43 47
7 21 22
10 2 18
2 12 49
47 31 9
26 50 35
34 12 33
1 7 34
34 39 26
3 34 44
12 27 16
3 22 4
42 12 17
37 30 15
23 5 10
5 8 19
24 17 31
37 24 20
5 22 2
49 27 32
30 31 1
30 13 16
50 26 42
35 13 50
37 46 17
8 23 17
48 30 42
29 48 36
39 14 37
9 12 49
2 39 4
49 19 47
47 14 24
40 19 15
15 29 33
22 20 15
21 26 7
10 40 48
33 5 39
28 43 27
23 39 11
35 14 20
15 32 34
32 47 13
30 19 40
20 9 4
36 39 20
48 26 7
48 44 42
44 45 8
9 23 8
44 26 10
10 1 32
26 21 40
4 46 9
11 27 12
41 16 28
32 5 44
41 31 10
6 8 18
10 33 22
3 38 6
32 40 34
22 47 6
6 3 33
3 50 14
46 41 34
41 49 45
43 11 16
22 44 50
1 37 43
9 19 38
14 41 27
28 31 44
4 1 37
34 23 14
26 24 27
43 30 34
23 13 18
19 37 41
29 15 23
24 49 14
18 10 11
26 1 5
20 4 33
45 49 44
9 25 39
1 34 43
20 38 33
12 29 43
16 19 10
8 12 9
12 33 22
28 23 47
10 4 48
14 15 18
12 43 13
50 4 8
6 3 48
36 15 35
10 18 8
9 21 23
22 41 21
47 26 49
3 7 33
37 26 17
13 50 5
2 48 25
45 41 35
39 48 32
3 45 6
46 19 42
17 1 38
